Date,26th Ave SW Greenway at SW Oregon St Total,North,South
1/1/2014 0:00,2,2,0
1/1/2014 1:00,6,0,6
1/1/2014 2:00,5,1,4
1/1/2014 3:00,1,1,0
1/1/2014 4:00,3,1,2
1/1/2014 5:00,0,0,0
1/1/2014 6:00,0,0,0
1/1/2014 7:00,0,0,0
1/1/2014 8:00,0,0,0
1/1/2014 9:00,4,2,2
1/1/2014 10:00,4,2,2
1/1/2014 11:00,5,1,4
1/1/2014 12:00,17,7,10
1/1/2014 13:00,8,3,5
1/1/2014 14:00,6,1,5
1/1/2014 15:00,9,1,8
1/1/2014 16:00,16,3,13
1/1/2014 17:00,5,1,4
1/1/2014 18:00,3,0,3
1/1/2014 19:00,8,1,7
1/1/2014 20:00,4,0,4
1/1/2014 21:00,0,0,0
1/1/2014 22:00,0,0,0
1/1/2014 23:00,2,0,2
1/2/2014 0:00,3,1,2
1/2/2014 1:00,0,0,0
1/2/2014 2:00,2,0,2
1/2/2014 3:00,1,1,0
1/2/2014 4:00,0,0,0
1/2/2014 5:00,3,3,0
1/2/2014 6:00,4,1,3
1/2/2014 7:00,15,11,4
1/2/2014 8:00,7,5,2
1/2/2014 9:00,5,2,3
1/2/2014 10:00,8,1,7
1/2/2014 11:00,17,8,9
1/2/2014 12:00,16,2,14
1/2/2014 13:00,14,3,11
1/2/2014 14:00,26,4,22
1/2/2014 15:00,22,5,17
1/2/2014 16:00,18,6,12
1/2/2014 17:00,18,3,15
1/2/2014 18:00,13,7,6
1/2/2014 19:00,5,3,2
1/2/2014 20:00,2,2,0
1/2/2014 21:00,1,0,1
1/2/2014 22:00,4,0,4
1/2/2014 23:00,0,0,0
1/3/2014 0:00,0,0,0
1/3/2014 1:00,0,0,0
1/3/2014 2:00,5,0,5
1/3/2014 3:00,0,0,0
1/3/2014 4:00,0,0,0
1/3/2014 5:00,4,2,2
1/3/2014 6:00,5,4,1
1/3/2014 7:00,13,9,4
1/3/2014 8:00,17,10,7
1/3/2014 9:00,6,4,2
1/3/2014 10:00,20,8,12
1/3/2014 11:00,8,4,4
1/3/2014 12:00,21,1,20
1/3/2014 13:00,18,5,13
1/3/2014 14:00,20,1,19
1/3/2014 15:00,14,6,8
1/3/2014 16:00,15,1,14
1/3/2014 17:00,14,5,9
1/3/2014 18:00,21,8,13
1/3/2014 19:00,6,1,5
1/3/2014 20:00,8,0,8
1/3/2014 21:00,1,0,1
1/3/2014 22:00,3,1,2
1/3/2014 23:00,3,1,2
1/4/2014 0:00,1,0,1
1/4/2014 1:00,3,0,3
1/4/2014 2:00,2,0,2
1/4/2014 3:00,2,0,2
1/4/2014 4:00,0,0,0
1/4/2014 5:00,1,1,0
1/4/2014 6:00,1,1,0
1/4/2014 7:00,4,2,2
1/4/2014 8:00,6,3,3
1/4/2014 9:00,5,1,4
1/4/2014 10:00,10,5,5
1/4/2014 11:00,9,1,8
1/4/2014 12:00,20,1,19
1/4/2014 13:00,20,2,18
1/4/2014 14:00,23,6,17
1/4/2014 15:00,18,4,14
1/4/2014 16:00,36,0,36
1/4/2014 17:00,8,2,6
1/4/2014 18:00,16,1,15
1/4/2014 19:00,6,3,3
1/4/2014 20:00,6,2,4
1/4/2014 21:00,6,1,5
1/4/2014 22:00,2,0,2
1/4/2014 23:00,3,0,3
1/5/2014 0:00,4,0,4
1/5/2014 1:00,0,0,0
1/5/2014 2:00,2,0,2
1/5/2014 3:00,0,0,0
1/5/2014 4:00,0,0,0
1/5/2014 5:00,1,1,0
1/5/2014 6:00,0,0,0
1/5/2014 7:00,6,1,5
1/5/2014 8:00,5,2,3
1/5/2014 9:00,7,5,2
1/5/2014 10:00,6,5,1
1/5/2014 11:00,5,2,3
1/5/2014 12:00,16,3,13
1/5/2014 13:00,13,10,3
1/5/2014 14:00,9,5,4
1/5/2014 15:00,16,3,13
1/5/2014 16:00,7,2,5
1/5/2014 17:00,7,2,5
1/5/2014 18:00,6,0,6
1/5/2014 19:00,3,0,3
1/5/2014 20:00,3,1,2
1/5/2014 21:00,0,0,0
1/5/2014 22:00,1,0,1
1/5/2014 23:00,2,2,0
1/6/2014 0:00,0,0,0
1/6/2014 1:00,2,0,2
1/6/2014 2:00,0,0,0
1/6/2014 3:00,0,0,0
1/6/2014 4:00,1,1,0
1/6/2014 5:00,2,0,2
1/6/2014 6:00,4,4,0
1/6/2014 7:00,14,8,6
1/6/2014 8:00,10,5,5
1/6/2014 9:00,9,5,4
1/6/2014 10:00,7,3,4
1/6/2014 11:00,4,2,2
1/6/2014 12:00,24,2,22
1/6/2014 13:00,7,3,4
1/6/2014 14:00,38,6,32
1/6/2014 15:00,52,8,44
1/6/2014 16:00,21,9,12
1/6/2014 17:00,24,11,13
1/6/2014 18:00,14,2,12
1/6/2014 19:00,10,3,7
1/6/2014 20:00,3,1,2
1/6/2014 21:00,1,0,1
1/6/2014 22:00,2,0,2
1/6/2014 23:00,0,0,0
1/7/2014 0:00,1,0,1
1/7/2014 1:00,0,0,0
1/7/2014 2:00,1,0,1
1/7/2014 3:00,0,0,0
1/7/2014 4:00,1,0,1
1/7/2014 5:00,5,3,2
1/7/2014 6:00,4,3,1
1/7/2014 7:00,24,15,9
1/7/2014 8:00,53,17,36
1/7/2014 9:00,26,15,11
1/7/2014 10:00,14,10,4
1/7/2014 11:00,7,0,7
1/7/2014 12:00,13,3,10
1/7/2014 13:00,21,1,20
1/7/2014 14:00,18,9,9
1/7/2014 15:00,29,6,23
1/7/2014 16:00,25,6,19
1/7/2014 17:00,21,2,19
1/7/2014 18:00,20,5,15
1/7/2014 19:00,6,5,1
1/7/2014 20:00,9,1,8
1/7/2014 21:00,2,1,1
1/7/2014 22:00,2,0,2
1/7/2014 23:00,1,1,0
1/8/2014 0:00,5,0,5
1/8/2014 1:00,0,0,0
1/8/2014 2:00,0,0,0
1/8/2014 3:00,0,0,0
1/8/2014 4:00,1,1,0
1/8/2014 5:00,0,0,0
1/8/2014 6:00,5,5,0
1/8/2014 7:00,21,16,5
1/8/2014 8:00,16,11,5
1/8/2014 9:00,5,2,3
1/8/2014 10:00,7,3,4
1/8/2014 11:00,9,5,4
1/8/2014 12:00,19,5,14
1/8/2014 13:00,4,3,1
1/8/2014 14:00,23,5,18
1/8/2014 15:00,16,6,10
1/8/2014 16:00,18,7,11
1/8/2014 17:00,13,2,11
1/8/2014 18:00,14,9,5
1/8/2014 19:00,3,2,1
1/8/2014 20:00,9,3,6
1/8/2014 21:00,5,1,4
1/8/2014 22:00,1,0,1
1/8/2014 23:00,1,0,1
1/9/2014 0:00,0,0,0
1/9/2014 1:00,0,0,0
1/9/2014 2:00,0,0,0
1/9/2014 3:00,0,0,0
1/9/2014 4:00,1,1,0
1/9/2014 5:00,3,3,0
1/9/2014 6:00,7,3,4
1/9/2014 7:00,16,9,7
1/9/2014 8:00,20,8,12
1/9/2014 9:00,13,6,7
1/9/2014 10:00,8,5,3
1/9/2014 11:00,12,3,9
1/9/2014 12:00,6,2,4
1/9/2014 13:00,11,2,9
1/9/2014 14:00,14,3,11
1/9/2014 15:00,15,4,11
1/9/2014 16:00,20,6,14
1/9/2014 17:00,25,10,15
1/9/2014 18:00,12,1,11
1/9/2014 19:00,11,1,10
1/9/2014 20:00,9,2,7
1/9/2014 21:00,5,0,5
1/9/2014 22:00,11,3,8
1/9/2014 23:00,2,0,2
1/10/2014 0:00,2,0,2
1/10/2014 1:00,3,0,3
1/10/2014 2:00,0,0,0
1/10/2014 3:00,0,0,0
1/10/2014 4:00,1,1,0
1/10/2014 5:00,0,0,0
1/10/2014 6:00,7,6,1
1/10/2014 7:00,20,12,8
1/10/2014 8:00,12,6,6
1/10/2014 9:00,11,3,8
1/10/2014 10:00,21,7,14
1/10/2014 11:00,14,5,9
1/10/2014 12:00,16,3,13
1/10/2014 13:00,7,4,3
1/10/2014 14:00,18,6,12
1/10/2014 15:00,10,2,8
1/10/2014 16:00,19,7,12
1/10/2014 17:00,17,2,15
1/10/2014 18:00,13,3,10
1/10/2014 19:00,4,2,2
1/10/2014 20:00,9,2,7
1/10/2014 21:00,5,1,4
1/10/2014 22:00,1,1,0
1/10/2014 23:00,2,0,2
1/11/2014 0:00,3,1,2
1/11/2014 1:00,3,0,3
1/11/2014 2:00,2,0,2
1/11/2014 3:00,0,0,0
1/11/2014 4:00,0,0,0
1/11/2014 5:00,0,0,0
1/11/2014 6:00,0,0,0
1/11/2014 7:00,2,1,1
1/11/2014 8:00,3,3,0
1/11/2014 9:00,21,7,14
1/11/2014 10:00,19,5,14
1/11/2014 11:00,4,3,1
1/11/2014 12:00,6,0,6
1/11/2014 13:00,11,3,8
1/11/2014 14:00,7,3,4
1/11/2014 15:00,10,5,5
1/11/2014 16:00,6,2,4
1/11/2014 17:00,6,2,4
1/11/2014 18:00,8,6,2
1/11/2014 19:00,8,3,5
1/11/2014 20:00,5,4,1
1/11/2014 21:00,5,2,3
1/11/2014 22:00,4,2,2
1/11/2014 23:00,3,0,3
1/12/2014 0:00,2,0,2
1/12/2014 1:00,4,0,4
1/12/2014 2:00,0,0,0
1/12/2014 3:00,0,0,0
1/12/2014 4:00,0,0,0
1/12/2014 5:00,0,0,0
1/12/2014 6:00,2,1,1
1/12/2014 7:00,2,0,2
1/12/2014 8:00,4,2,2
1/12/2014 9:00,1,1,0
1/12/2014 10:00,6,2,4
1/12/2014 11:00,9,3,6
1/12/2014 12:00,6,1,5
1/12/2014 13:00,18,5,13
1/12/2014 14:00,14,7,7
1/12/2014 15:00,10,4,6
1/12/2014 16:00,13,2,11
1/12/2014 17:00,12,3,9
1/12/2014 18:00,5,4,1
1/12/2014 19:00,5,0,5
1/12/2014 20:00,4,0,4
1/12/2014 21:00,0,0,0
1/12/2014 22:00,2,0,2
1/12/2014 23:00,0,0,0
1/13/2014 0:00,1,0,1
1/13/2014 1:00,2,1,1
1/13/2014 2:00,0,0,0
1/13/2014 3:00,0,0,0
1/13/2014 4:00,1,1,0
1/13/2014 5:00,1,1,0
1/13/2014 6:00,5,5,0
1/13/2014 7:00,13,11,2
1/13/2014 8:00,18,13,5
1/13/2014 9:00,8,3,5
1/13/2014 10:00,8,0,8
1/13/2014 11:00,15,3,12
1/13/2014 12:00,12,0,12
1/13/2014 13:00,6,1,5
1/13/2014 14:00,31,2,29
1/13/2014 15:00,29,3,26
1/13/2014 16:00,36,7,29
1/13/2014 17:00,33,8,25
1/13/2014 18:00,14,2,12
1/13/2014 19:00,8,1,7
1/13/2014 20:00,11,0,11
1/13/2014 21:00,3,0,3
1/13/2014 22:00,3,0,3
1/13/2014 23:00,2,0,2
1/14/2014 0:00,1,1,0
1/14/2014 1:00,1,1,0
1/14/2014 2:00,0,0,0
1/14/2014 3:00,0,0,0
1/14/2014 4:00,1,1,0
1/14/2014 5:00,2,1,1
1/14/2014 6:00,16,13,3
1/14/2014 7:00,25,20,5
1/14/2014 8:00,37,18,19
1/14/2014 9:00,9,5,4
1/14/2014 10:00,9,4,5
1/14/2014 11:00,13,4,9
1/14/2014 12:00,13,5,8
1/14/2014 13:00,15,5,10
1/14/2014 14:00,17,4,13
1/14/2014 15:00,34,13,21
1/14/2014 16:00,53,6,47
1/14/2014 17:00,85,7,78
1/14/2014 18:00,15,2,13
1/14/2014 19:00,11,3,8
1/14/2014 20:00,8,2,6
1/14/2014 21:00,9,0,9
1/14/2014 22:00,2,1,1
1/14/2014 23:00,0,0,0
1/15/2014 0:00,4,1,3
1/15/2014 1:00,0,0,0
1/15/2014 2:00,0,0,0
1/15/2014 3:00,1,0,1
1/15/2014 4:00,1,1,0
1/15/2014 5:00,2,2,0
1/15/2014 6:00,4,3,1
1/15/2014 7:00,25,20,5
1/15/2014 8:00,24,13,11
1/15/2014 9:00,13,1,12
1/15/2014 10:00,21,6,15
1/15/2014 11:00,8,5,3
1/15/2014 12:00,14,3,11
1/15/2014 13:00,14,4,10
1/15/2014 14:00,9,4,5
1/15/2014 15:00,30,5,25
1/15/2014 16:00,18,2,16
1/15/2014 17:00,25,5,20
1/15/2014 18:00,28,5,23
1/15/2014 19:00,11,2,9
1/15/2014 20:00,6,2,4
1/15/2014 21:00,3,0,3
1/15/2014 22:00,7,0,7
1/15/2014 23:00,1,1,0
1/16/2014 0:00,2,0,2
1/16/2014 1:00,1,1,0
1/16/2014 2:00,2,2,0
1/16/2014 3:00,0,0,0
1/16/2014 4:00,2,0,2
1/16/2014 5:00,2,2,0
1/16/2014 6:00,7,6,1
1/16/2014 7:00,13,12,1
1/16/2014 8:00,19,14,5
1/16/2014 9:00,12,5,7
1/16/2014 10:00,13,4,9
1/16/2014 11:00,3,1,2
1/16/2014 12:00,10,4,6
1/16/2014 13:00,21,4,17
1/16/2014 14:00,20,5,15
1/16/2014 15:00,30,8,22
1/16/2014 16:00,41,3,38
1/16/2014 17:00,44,4,40
1/16/2014 18:00,24,5,19
1/16/2014 19:00,9,2,7
1/16/2014 20:00,8,0,8
1/16/2014 21:00,3,1,2
1/16/2014 22:00,7,2,5
1/16/2014 23:00,2,0,2
1/17/2014 0:00,1,1,0
1/17/2014 1:00,3,0,3
1/17/2014 2:00,0,0,0
1/17/2014 3:00,2,0,2
1/17/2014 4:00,2,2,0
1/17/2014 5:00,4,2,2
1/17/2014 6:00,8,4,4
1/17/2014 7:00,18,12,6
1/17/2014 8:00,15,7,8
1/17/2014 9:00,18,12,6
1/17/2014 10:00,5,4,1
1/17/2014 11:00,22,10,12
1/17/2014 12:00,13,0,13
1/17/2014 13:00,12,4,8
1/17/2014 14:00,17,2,15
1/17/2014 15:00,25,6,19
1/17/2014 16:00,29,6,23
1/17/2014 17:00,12,1,11
1/17/2014 18:00,19,4,15
1/17/2014 19:00,8,2,6
1/17/2014 20:00,7,3,4
1/17/2014 21:00,12,2,10
1/17/2014 22:00,10,4,6
1/17/2014 23:00,6,0,6
1/18/2014 0:00,0,0,0
1/18/2014 1:00,0,0,0
1/18/2014 2:00,0,0,0
1/18/2014 3:00,0,0,0
1/18/2014 4:00,0,0,0
1/18/2014 5:00,3,1,2
1/18/2014 6:00,2,0,2
1/18/2014 7:00,7,2,5
1/18/2014 8:00,4,4,0
1/18/2014 9:00,14,3,11
1/18/2014 10:00,7,1,6
1/18/2014 11:00,10,0,10
1/18/2014 12:00,32,6,26
1/18/2014 13:00,30,4,26
1/18/2014 14:00,43,4,39
1/18/2014 15:00,26,6,20
1/18/2014 16:00,34,3,31
1/18/2014 17:00,15,6,9
1/18/2014 18:00,6,3,3
1/18/2014 19:00,2,0,2
1/18/2014 20:00,6,3,3
1/18/2014 21:00,7,0,7
1/18/2014 22:00,1,1,0
1/18/2014 23:00,5,0,5
1/19/2014 0:00,2,0,2
1/19/2014 1:00,3,1,2
1/19/2014 2:00,0,0,0
1/19/2014 3:00,2,0,2
1/19/2014 4:00,0,0,0
1/19/2014 5:00,0,0,0
1/19/2014 6:00,0,0,0
1/19/2014 7:00,4,0,4
1/19/2014 8:00,1,1,0
1/19/2014 9:00,6,3,3
1/19/2014 10:00,9,5,4
1/19/2014 11:00,6,3,3
1/19/2014 12:00,18,9,9
1/19/2014 13:00,11,1,10
1/19/2014 14:00,12,1,11
1/19/2014 15:00,4,2,2
1/19/2014 16:00,5,0,5
1/19/2014 17:00,4,0,4
1/19/2014 18:00,6,1,5
1/19/2014 19:00,5,1,4
1/19/2014 20:00,1,1,0
1/19/2014 21:00,5,0,5
1/19/2014 22:00,5,2,3
1/19/2014 23:00,0,0,0
1/20/2014 0:00,0,0,0
1/20/2014 1:00,0,0,0
1/20/2014 2:00,0,0,0
1/20/2014 3:00,0,0,0
1/20/2014 4:00,0,0,0
1/20/2014 5:00,0,0,0
1/20/2014 6:00,3,3,0
1/20/2014 7:00,4,4,0
1/20/2014 8:00,6,4,2
1/20/2014 9:00,9,7,2
1/20/2014 10:00,9,3,6
1/20/2014 11:00,6,5,1
1/20/2014 12:00,8,3,5
1/20/2014 13:00,18,3,15
1/20/2014 14:00,14,0,14
1/20/2014 15:00,32,4,28
1/20/2014 16:00,15,1,14
1/20/2014 17:00,19,1,18
1/20/2014 18:00,12,5,7
1/20/2014 19:00,8,1,7
1/20/2014 20:00,2,0,2
1/20/2014 21:00,3,1,2
1/20/2014 22:00,3,1,2
1/20/2014 23:00,1,1,0
1/21/2014 0:00,4,0,4
1/21/2014 1:00,1,1,0
1/21/2014 2:00,0,0,0
1/21/2014 3:00,0,0,0
1/21/2014 4:00,0,0,0
1/21/2014 5:00,3,3,0
1/21/2014 6:00,12,9,3
1/21/2014 7:00,19,14,5
1/21/2014 8:00,23,11,12
1/21/2014 9:00,19,2,17
1/21/2014 10:00,5,1,4
1/21/2014 11:00,11,2,9
1/21/2014 12:00,16,5,11
1/21/2014 13:00,12,1,11
1/21/2014 14:00,20,2,18
1/21/2014 15:00,40,4,36
1/21/2014 16:00,76,7,69
1/21/2014 17:00,63,1,62
1/21/2014 18:00,73,6,67
1/21/2014 19:00,22,7,15
1/21/2014 20:00,12,4,8
1/21/2014 21:00,7,1,6
1/21/2014 22:00,0,0,0
1/21/2014 23:00,0,0,0
1/22/2014 0:00,0,0,0
1/22/2014 1:00,4,0,4
1/22/2014 2:00,0,0,0
1/22/2014 3:00,0,0,0
1/22/2014 4:00,2,2,0
1/22/2014 5:00,0,0,0
1/22/2014 6:00,8,6,2
1/22/2014 7:00,15,14,1
1/22/2014 8:00,19,8,11
1/22/2014 9:00,11,3,8
1/22/2014 10:00,12,4,8
1/22/2014 11:00,23,6,17
1/22/2014 12:00,12,4,8
1/22/2014 13:00,16,3,13
1/22/2014 14:00,22,3,19
1/22/2014 15:00,22,7,15
1/22/2014 16:00,30,8,22
1/22/2014 17:00,85,7,78
1/22/2014 18:00,19,1,18
1/22/2014 19:00,12,3,9
1/22/2014 20:00,11,1,10
1/22/2014 21:00,15,4,11
1/22/2014 22:00,4,0,4
1/22/2014 23:00,0,0,0
1/23/2014 0:00,0,0,0
1/23/2014 1:00,0,0,0
1/23/2014 2:00,2,0,2
1/23/2014 3:00,1,1,0
1/23/2014 4:00,3,3,0
1/23/2014 5:00,1,1,0
1/23/2014 6:00,4,4,0
1/23/2014 7:00,18,16,2
1/23/2014 8:00,36,21,15
1/23/2014 9:00,17,12,5
1/23/2014 10:00,7,5,2
1/23/2014 11:00,16,1,15
1/23/2014 12:00,7,4,3
1/23/2014 13:00,19,2,17
1/23/2014 14:00,26,4,22
1/23/2014 15:00,25,3,22
1/23/2014 16:00,29,3,26
1/23/2014 17:00,41,5,36
1/23/2014 18:00,26,4,22
1/23/2014 19:00,11,0,11
1/23/2014 20:00,44,15,29
1/23/2014 21:00,10,2,8
1/23/2014 22:00,3,1,2
1/23/2014 23:00,5,1,4
1/24/2014 0:00,0,0,0
1/24/2014 1:00,5,1,4
1/24/2014 2:00,0,0,0
1/24/2014 3:00,0,0,0
1/24/2014 4:00,3,3,0
1/24/2014 5:00,2,0,2
1/24/2014 6:00,8,6,2
1/24/2014 7:00,29,21,8
1/24/2014 8:00,16,5,11
1/24/2014 9:00,14,6,8
1/24/2014 10:00,9,5,4
1/24/2014 11:00,12,6,6
1/24/2014 12:00,11,5,6
1/24/2014 13:00,11,0,11
1/24/2014 14:00,46,6,40
1/24/2014 15:00,33,7,26
1/24/2014 16:00,41,6,35
1/24/2014 17:00,53,7,46
1/24/2014 18:00,36,7,29
1/24/2014 19:00,48,2,46
1/24/2014 20:00,16,1,15
1/24/2014 21:00,6,0,6
1/24/2014 22:00,5,1,4
1/24/2014 23:00,6,0,6
1/25/2014 0:00,0,0,0
1/25/2014 1:00,0,0,0
1/25/2014 2:00,6,0,6
1/25/2014 3:00,0,0,0
1/25/2014 4:00,0,0,0
1/25/2014 5:00,1,0,1
1/25/2014 6:00,1,1,0
1/25/2014 7:00,7,2,5
1/25/2014 8:00,11,9,2
1/25/2014 9:00,8,4,4
1/25/2014 10:00,15,6,9
1/25/2014 11:00,13,0,13
1/25/2014 12:00,14,3,11
1/25/2014 13:00,11,9,2
1/25/2014 14:00,11,3,8
1/25/2014 15:00,19,6,13
1/25/2014 16:00,9,2,7
1/25/2014 17:00,18,6,12
1/25/2014 18:00,7,1,6
1/25/2014 19:00,14,2,12
1/25/2014 20:00,5,1,4
1/25/2014 21:00,2,0,2
1/25/2014 22:00,5,1,4
1/25/2014 23:00,8,1,7
1/26/2014 0:00,3,1,2
1/26/2014 1:00,6,2,4
1/26/2014 2:00,4,0,4
1/26/2014 3:00,0,0,0
1/26/2014 4:00,0,0,0
1/26/2014 5:00,0,0,0
1/26/2014 6:00,0,0,0
1/26/2014 7:00,2,0,2
1/26/2014 8:00,2,0,2
1/26/2014 9:00,1,1,0
1/26/2014 10:00,5,5,0
1/26/2014 11:00,14,4,10
1/26/2014 12:00,15,4,11
1/26/2014 13:00,16,1,15
1/26/2014 14:00,12,3,9
1/26/2014 15:00,13,3,10
1/26/2014 16:00,15,3,12
1/26/2014 17:00,9,4,5
1/26/2014 18:00,6,1,5
1/26/2014 19:00,5,3,2
1/26/2014 20:00,3,0,3
1/26/2014 21:00,0,0,0
1/26/2014 22:00,0,0,0
1/26/2014 23:00,0,0,0
1/27/2014 0:00,0,0,0
1/27/2014 1:00,2,0,2
1/27/2014 2:00,0,0,0
1/27/2014 3:00,0,0,0
1/27/2014 4:00,0,0,0
1/27/2014 5:00,4,4,0
1/27/2014 6:00,5,4,1
1/27/2014 7:00,27,23,4
1/27/2014 8:00,11,9,2
1/27/2014 9:00,18,2,16
1/27/2014 10:00,11,3,8
1/27/2014 11:00,13,6,7
1/27/2014 12:00,16,6,10
1/27/2014 13:00,13,1,12
1/27/2014 14:00,13,2,11
1/27/2014 15:00,22,6,16
1/27/2014 16:00,35,6,29
1/27/2014 17:00,36,6,30
1/27/2014 18:00,29,3,26
1/27/2014 19:00,19,3,16
1/27/2014 20:00,21,0,21
1/27/2014 21:00,4,2,2
1/27/2014 22:00,3,1,2
1/27/2014 23:00,2,0,2
1/28/2014 0:00,0,0,0
1/28/2014 1:00,0,0,0
1/28/2014 2:00,1,0,1
1/28/2014 3:00,1,1,0
1/28/2014 4:00,1,1,0
1/28/2014 5:00,3,1,2
1/28/2014 6:00,14,10,4
1/28/2014 7:00,17,9,8
1/28/2014 8:00,27,4,23
1/28/2014 9:00,28,14,14
1/28/2014 10:00,10,3,7
1/28/2014 11:00,17,7,10
1/28/2014 12:00,10,2,8
1/28/2014 13:00,14,3,11
1/28/2014 14:00,27,5,22
1/28/2014 15:00,19,4,15
1/28/2014 16:00,25,6,19
1/28/2014 17:00,36,4,32
1/28/2014 18:00,30,2,28
1/28/2014 19:00,13,3,10
1/28/2014 20:00,1,1,0
1/28/2014 21:00,6,6,0
1/28/2014 22:00,7,0,7
1/28/2014 23:00,1,1,0
1/29/2014 0:00,4,0,4
1/29/2014 1:00,0,0,0
1/29/2014 2:00,0,0,0
1/29/2014 3:00,3,0,3
1/29/2014 4:00,0,0,0
1/29/2014 5:00,0,0,0
1/29/2014 6:00,4,2,2
1/29/2014 7:00,18,15,3
1/29/2014 8:00,25,10,15
1/29/2014 9:00,12,7,5
1/29/2014 10:00,8,2,6
1/29/2014 11:00,8,2,6
1/29/2014 12:00,9,3,6
1/29/2014 13:00,7,1,6
1/29/2014 14:00,14,0,14
1/29/2014 15:00,21,4,17
1/29/2014 16:00,24,7,17
1/29/2014 17:00,17,2,15
1/29/2014 18:00,21,4,17
1/29/2014 19:00,11,0,11
1/29/2014 20:00,16,2,14
1/29/2014 21:00,1,1,0
1/29/2014 22:00,5,0,5
1/29/2014 23:00,2,1,1
1/30/2014 0:00,3,1,2
1/30/2014 1:00,3,0,3
1/30/2014 2:00,0,0,0
1/30/2014 3:00,0,0,0
1/30/2014 4:00,0,0,0
1/30/2014 5:00,4,2,2
1/30/2014 6:00,5,5,0
1/30/2014 7:00,21,11,10
1/30/2014 8:00,13,7,6
1/30/2014 9:00,24,10,14
1/30/2014 10:00,24,3,21
1/30/2014 11:00,14,4,10
1/30/2014 12:00,24,4,20
1/30/2014 13:00,23,5,18
1/30/2014 14:00,32,4,28
1/30/2014 15:00,40,11,29
1/30/2014 16:00,46,7,39
1/30/2014 17:00,40,8,32
1/30/2014 18:00,25,4,21
1/30/2014 19:00,8,1,7
1/30/2014 20:00,15,2,13
1/30/2014 21:00,7,0,7
1/30/2014 22:00,3,1,2
1/30/2014 23:00,2,0,2
1/31/2014 0:00,0,0,0
1/31/2014 1:00,1,0,1
1/31/2014 2:00,0,0,0
1/31/2014 3:00,3,0,3
1/31/2014 4:00,0,0,0
1/31/2014 5:00,1,1,0
1/31/2014 6:00,5,3,2
1/31/2014 7:00,9,9,0
1/31/2014 8:00,7,5,2
1/31/2014 9:00,12,6,6
1/31/2014 10:00,11,4,7
1/31/2014 11:00,9,5,4
1/31/2014 12:00,18,5,13
1/31/2014 13:00,14,3,11
1/31/2014 14:00,10,2,8
1/31/2014 15:00,35,3,32
1/31/2014 16:00,44,2,42
1/31/2014 17:00,38,4,34
1/31/2014 18:00,20,2,18
1/31/2014 19:00,16,5,11
1/31/2014 20:00,8,0,8
1/31/2014 21:00,17,5,12
1/31/2014 22:00,9,0,9
1/31/2014 23:00,7,0,7
2/1/2014 0:00,0,0,0
2/1/2014 1:00,3,1,2
2/1/2014 2:00,2,0,2
2/1/2014 3:00,0,0,0
2/1/2014 4:00,1,0,1
2/1/2014 5:00,2,2,0
2/1/2014 6:00,3,1,2
2/1/2014 7:00,6,1,5
2/1/2014 8:00,9,7,2
2/1/2014 9:00,7,2,5
2/1/2014 10:00,20,6,14
2/1/2014 11:00,25,2,23
2/1/2014 12:00,50,4,46
2/1/2014 13:00,57,8,49
2/1/2014 14:00,25,7,18
2/1/2014 15:00,27,2,25
2/1/2014 16:00,16,3,13
2/1/2014 17:00,22,4,18
2/1/2014 18:00,21,2,19
2/1/2014 19:00,11,2,9
2/1/2014 20:00,5,1,4
2/1/2014 21:00,12,1,11
2/1/2014 22:00,6,1,5
2/1/2014 23:00,4,0,4
2/2/2014 0:00,2,0,2
2/2/2014 1:00,0,0,0
2/2/2014 2:00,4,0,4
2/2/2014 3:00,2,0,2
2/2/2014 4:00,1,1,0
2/2/2014 5:00,0,0,0
2/2/2014 6:00,0,0,0
2/2/2014 7:00,8,1,7
2/2/2014 8:00,11,3,8
2/2/2014 9:00,3,3,0
2/2/2014 10:00,11,3,8
2/2/2014 11:00,18,0,18
2/2/2014 12:00,16,1,15
2/2/2014 13:00,22,2,20
2/2/2014 14:00,25,1,24
2/2/2014 15:00,20,2,18
2/2/2014 16:00,5,2,3
2/2/2014 17:00,9,0,9
2/2/2014 18:00,8,1,7
2/2/2014 19:00,9,5,4
2/2/2014 20:00,13,3,10
2/2/2014 21:00,6,0,6
2/2/2014 22:00,0,0,0
2/2/2014 23:00,8,3,5
2/3/2014 0:00,2,0,2
2/3/2014 1:00,0,0,0
2/3/2014 2:00,0,0,0
2/3/2014 3:00,1,0,1
2/3/2014 4:00,0,0,0
2/3/2014 5:00,2,2,0
2/3/2014 6:00,5,3,2
2/3/2014 7:00,23,12,11
2/3/2014 8:00,41,6,35
2/3/2014 9:00,32,5,27
2/3/2014 10:00,22,5,17
2/3/2014 11:00,27,2,25
2/3/2014 12:00,39,5,34
2/3/2014 13:00,26,3,23
2/3/2014 14:00,43,2,41
2/3/2014 15:00,50,7,43
2/3/2014 16:00,68,5,63
2/3/2014 17:00,86,7,79
2/3/2014 18:00,68,5,63
2/3/2014 19:00,41,0,41
2/3/2014 20:00,15,5,10
2/3/2014 21:00,16,4,12
2/3/2014 22:00,2,1,1
2/3/2014 23:00,1,1,0
2/4/2014 0:00,2,0,2
2/4/2014 1:00,5,1,4
2/4/2014 2:00,0,0,0
2/4/2014 3:00,0,0,0
2/4/2014 4:00,2,0,2
2/4/2014 5:00,2,0,2
2/4/2014 6:00,10,6,4
2/4/2014 7:00,32,14,18
2/4/2014 8:00,32,14,18
2/4/2014 9:00,31,12,19
2/4/2014 10:00,15,3,12
2/4/2014 11:00,26,4,22
2/4/2014 12:00,17,3,14
2/4/2014 13:00,26,1,25
2/4/2014 14:00,30,1,29
2/4/2014 15:00,30,15,15
2/4/2014 16:00,26,3,23
2/4/2014 17:00,59,11,48
2/4/2014 18:00,22,7,15
2/4/2014 19:00,16,3,13
2/4/2014 20:00,12,2,10
2/4/2014 21:00,1,0,1
2/4/2014 22:00,1,0,1
2/4/2014 23:00,0,0,0
2/5/2014 0:00,5,0,5
2/5/2014 1:00,0,0,0
2/5/2014 2:00,2,0,2
2/5/2014 3:00,0,0,0
2/5/2014 4:00,2,0,2
2/5/2014 5:00,1,1,0
2/5/2014 6:00,3,2,1
2/5/2014 7:00,5,5,0
2/5/2014 8:00,24,12,12
2/5/2014 9:00,29,12,17
2/5/2014 10:00,19,6,13
2/5/2014 11:00,11,5,6
2/5/2014 12:00,22,2,20
2/5/2014 13:00,23,5,18
2/5/2014 14:00,14,0,14
2/5/2014 15:00,28,5,23
2/5/2014 16:00,40,5,35
2/5/2014 17:00,48,3,45
2/5/2014 18:00,27,7,20
2/5/2014 19:00,11,2,9
2/5/2014 20:00,14,1,13
2/5/2014 21:00,5,1,4
2/5/2014 22:00,5,0,5
2/5/2014 23:00,1,1,0
2/6/2014 0:00,0,0,0
2/6/2014 1:00,3,1,2
2/6/2014 2:00,1,0,1
2/6/2014 3:00,0,0,0
2/6/2014 4:00,0,0,0
2/6/2014 5:00,1,1,0
2/6/2014 6:00,10,6,4
2/6/2014 7:00,14,12,2
2/6/2014 8:00,34,15,19
2/6/2014 9:00,14,5,9
2/6/2014 10:00,17,5,12
2/6/2014 11:00,10,2,8
2/6/2014 12:00,21,4,17
2/6/2014 13:00,24,2,22
2/6/2014 14:00,35,4,31
2/6/2014 15:00,61,13,48
2/6/2014 16:00,91,11,80
2/6/2014 17:00,55,7,48
2/6/2014 18:00,17,4,13
2/6/2014 19:00,6,1,5
2/6/2014 20:00,12,1,11
2/6/2014 21:00,7,3,4
2/6/2014 22:00,6,0,6
2/6/2014 23:00,9,0,9
2/7/2014 0:00,1,0,1
2/7/2014 1:00,3,3,0
2/7/2014 2:00,5,0,5
2/7/2014 3:00,2,0,2
2/7/2014 4:00,1,1,0
2/7/2014 5:00,0,0,0
2/7/2014 6:00,9,7,2
2/7/2014 7:00,16,8,8
2/7/2014 8:00,29,11,18
2/7/2014 9:00,16,4,12
2/7/2014 10:00,15,3,12
2/7/2014 11:00,15,4,11
2/7/2014 12:00,8,1,7
2/7/2014 13:00,13,0,13
2/7/2014 14:00,22,1,21
2/7/2014 15:00,36,2,34
2/7/2014 16:00,44,3,41
2/7/2014 17:00,98,6,92
2/7/2014 18:00,30,8,22
2/7/2014 19:00,14,1,13
2/7/2014 20:00,19,4,15
2/7/2014 21:00,14,2,12
2/7/2014 22:00,2,1,1
2/7/2014 23:00,15,0,15
2/8/2014 0:00,2,0,2
2/8/2014 1:00,0,0,0
2/8/2014 2:00,4,0,4
2/8/2014 3:00,2,0,2
2/8/2014 4:00,3,1,2
2/8/2014 5:00,0,0,0
2/8/2014 6:00,0,0,0
2/8/2014 7:00,6,0,6
2/8/2014 8:00,14,4,10
2/8/2014 9:00,15,7,8
2/8/2014 10:00,24,5,19
2/8/2014 11:00,16,4,12
2/8/2014 12:00,25,3,22
2/8/2014 13:00,27,5,22
2/8/2014 14:00,19,1,18
2/8/2014 15:00,36,11,25
2/8/2014 16:00,14,6,8
2/8/2014 17:00,11,0,11
2/8/2014 18:00,22,2,20
2/8/2014 19:00,18,3,15
2/8/2014 20:00,23,5,18
2/8/2014 21:00,19,5,14
2/8/2014 22:00,12,5,7
2/8/2014 23:00,15,3,12
2/9/2014 0:00,13,3,10
2/9/2014 1:00,5,0,5
2/9/2014 2:00,2,0,2
2/9/2014 3:00,6,0,6
2/9/2014 4:00,3,1,2
2/9/2014 5:00,0,0,0
2/9/2014 6:00,0,0,0
2/9/2014 7:00,3,3,0
2/9/2014 8:00,2,0,2
2/9/2014 9:00,10,3,7
2/9/2014 10:00,14,0,14
2/9/2014 11:00,8,0,8
2/9/2014 12:00,18,0,18
2/9/2014 13:00,16,6,10
2/9/2014 14:00,16,1,15
2/9/2014 15:00,13,2,11
2/9/2014 16:00,22,2,20
2/9/2014 17:00,17,4,13
2/9/2014 18:00,13,1,12
2/9/2014 19:00,15,2,13
2/9/2014 20:00,17,1,16
2/9/2014 21:00,4,0,4
2/9/2014 22:00,7,0,7
2/9/2014 23:00,2,0,2
2/10/2014 0:00,4,0,4
2/10/2014 1:00,0,0,0
2/10/2014 2:00,0,0,0
2/10/2014 3:00,0,0,0
2/10/2014 4:00,3,1,2
2/10/2014 5:00,3,3,0
2/10/2014 6:00,11,5,6
2/10/2014 7:00,38,9,29
2/10/2014 8:00,46,13,33
2/10/2014 9:00,18,9,9
2/10/2014 10:00,13,3,10
2/10/2014 11:00,34,1,33
2/10/2014 12:00,10,1,9
2/10/2014 13:00,17,4,13
2/10/2014 14:00,25,3,22
2/10/2014 15:00,30,8,22
2/10/2014 16:00,35,5,30
2/10/2014 17:00,28,6,22
2/10/2014 18:00,17,4,13
2/10/2014 19:00,16,0,16
2/10/2014 20:00,11,2,9
2/10/2014 21:00,5,0,5
2/10/2014 22:00,11,4,7
2/10/2014 23:00,2,0,2
2/11/2014 0:00,2,0,2
2/11/2014 1:00,5,1,4
2/11/2014 2:00,2,0,2
2/11/2014 3:00,0,0,0
2/11/2014 4:00,2,2,0
2/11/2014 5:00,0,0,0
2/11/2014 6:00,7,4,3
2/11/2014 7:00,25,10,15
2/11/2014 8:00,32,9,23
2/11/2014 9:00,24,13,11
2/11/2014 10:00,14,3,11
2/11/2014 11:00,8,2,6
2/11/2014 12:00,33,4,29
2/11/2014 13:00,13,3,10
2/11/2014 14:00,29,5,24
2/11/2014 15:00,44,3,41
2/11/2014 16:00,33,6,27
2/11/2014 17:00,33,2,31
2/11/2014 18:00,37,3,34
2/11/2014 19:00,19,2,17
2/11/2014 20:00,13,4,9
2/11/2014 21:00,11,0,11
2/11/2014 22:00,11,2,9
2/11/2014 23:00,0,0,0
2/12/2014 0:00,0,0,0
2/12/2014 1:00,0,0,0
2/12/2014 2:00,0,0,0
2/12/2014 3:00,3,1,2
2/12/2014 4:00,2,2,0
2/12/2014 5:00,0,0,0
2/12/2014 6:00,7,5,2
2/12/2014 7:00,26,17,9
2/12/2014 8:00,26,9,17
2/12/2014 9:00,26,14,12
2/12/2014 10:00,7,4,3
2/12/2014 11:00,24,9,15
2/12/2014 12:00,19,2,17
2/12/2014 13:00,12,2,10
2/12/2014 14:00,22,7,15
2/12/2014 15:00,35,8,27
2/12/2014 16:00,30,4,26
2/12/2014 17:00,50,8,42
2/12/2014 18:00,28,3,25
2/12/2014 19:00,13,2,11
2/12/2014 20:00,17,0,17
2/12/2014 21:00,3,1,2
2/12/2014 22:00,4,0,4
2/12/2014 23:00,3,1,2
2/13/2014 0:00,1,1,0
2/13/2014 1:00,0,0,0
2/13/2014 2:00,0,0,0
2/13/2014 3:00,0,0,0
2/13/2014 4:00,0,0,0
2/13/2014 5:00,1,1,0
2/13/2014 6:00,11,9,2
2/13/2014 7:00,23,14,9
2/13/2014 8:00,21,10,11
2/13/2014 9:00,21,6,15
2/13/2014 10:00,10,1,9
2/13/2014 11:00,24,1,23
2/13/2014 12:00,29,8,21
2/13/2014 13:00,17,4,13
2/13/2014 14:00,31,0,31
2/13/2014 15:00,46,6,40
2/13/2014 16:00,73,8,65
2/13/2014 17:00,80,2,78
2/13/2014 18:00,24,2,22
2/13/2014 19:00,10,1,9
2/13/2014 20:00,10,0,10
2/13/2014 21:00,5,0,5
2/13/2014 22:00,2,0,2
2/13/2014 23:00,6,0,6
2/14/2014 0:00,7,3,4
2/14/2014 1:00,0,0,0
2/14/2014 2:00,0,0,0
2/14/2014 3:00,0,0,0
2/14/2014 4:00,2,2,0
2/14/2014 5:00,0,0,0
2/14/2014 6:00,7,7,0
2/14/2014 7:00,17,7,10
2/14/2014 8:00,17,9,8
2/14/2014 9:00,11,4,7
2/14/2014 10:00,7,1,6
2/14/2014 11:00,20,2,18
2/14/2014 12:00,15,2,13
2/14/2014 13:00,18,1,17
2/14/2014 14:00,20,3,17
2/14/2014 15:00,34,1,33
2/14/2014 16:00,26,3,23
2/14/2014 17:00,28,2,26
2/14/2014 18:00,30,4,26
2/14/2014 19:00,12,1,11
2/14/2014 20:00,12,1,11
2/14/2014 21:00,4,0,4
2/14/2014 22:00,0,0,0
2/14/2014 23:00,2,0,2
2/15/2014 0:00,3,0,3
2/15/2014 1:00,5,0,5
2/15/2014 2:00,4,2,2
2/15/2014 3:00,4,1,3
2/15/2014 4:00,0,0,0
2/15/2014 5:00,0,0,0
2/15/2014 6:00,2,0,2
2/15/2014 7:00,0,0,0
2/15/2014 8:00,10,3,7
2/15/2014 9:00,9,5,4
2/15/2014 10:00,21,4,17
2/15/2014 11:00,24,2,22
2/15/2014 12:00,29,3,26
2/15/2014 13:00,15,1,14
2/15/2014 14:00,4,0,4
2/15/2014 15:00,7,0,7
2/15/2014 16:00,6,0,6
2/15/2014 17:00,15,2,13
2/15/2014 18:00,20,0,20
2/15/2014 19:00,21,1,20
2/15/2014 20:00,19,0,19
2/15/2014 21:00,3,1,2
2/15/2014 22:00,13,1,12
2/15/2014 23:00,7,1,6
2/16/2014 0:00,8,0,8
2/16/2014 1:00,2,0,2
2/16/2014 2:00,2,0,2
2/16/2014 3:00,0,0,0
2/16/2014 4:00,0,0,0
2/16/2014 5:00,0,0,0
2/16/2014 6:00,0,0,0
2/16/2014 7:00,6,0,6
2/16/2014 8:00,11,1,10
2/16/2014 9:00,12,1,11
2/16/2014 10:00,26,4,22
2/16/2014 11:00,25,0,25
2/16/2014 12:00,39,1,38
2/16/2014 13:00,39,1,38
2/16/2014 14:00,30,4,26
2/16/2014 15:00,33,3,30
2/16/2014 16:00,19,2,17
2/16/2014 17:00,47,1,46
2/16/2014 18:00,30,4,26
2/16/2014 19:00,17,1,16
2/16/2014 20:00,14,0,14
2/16/2014 21:00,7,1,6
2/16/2014 22:00,2,0,2
2/16/2014 23:00,6,1,5
2/17/2014 0:00,8,0,8
2/17/2014 1:00,0,0,0
2/17/2014 2:00,0,0,0
2/17/2014 3:00,0,0,0
2/17/2014 4:00,0,0,0
2/17/2014 5:00,4,0,4
2/17/2014 6:00,1,1,0
2/17/2014 7:00,10,2,8
2/17/2014 8:00,11,4,7
2/17/2014 9:00,26,5,21
2/17/2014 10:00,13,2,11
2/17/2014 11:00,10,3,7
2/17/2014 12:00,21,4,17
2/17/2014 13:00,41,2,39
2/17/2014 14:00,51,5,46
2/17/2014 15:00,24,3,21
2/17/2014 16:00,55,3,52
2/17/2014 17:00,43,2,41
2/17/2014 18:00,34,3,31
2/17/2014 19:00,19,1,18
2/17/2014 20:00,28,2,26
2/17/2014 21:00,11,2,9
2/17/2014 22:00,3,0,3
2/17/2014 23:00,5,1,4
2/18/2014 0:00,9,1,8
2/18/2014 1:00,3,0,3
2/18/2014 2:00,2,0,2
2/18/2014 3:00,0,0,0
2/18/2014 4:00,2,0,2
2/18/2014 5:00,1,1,0
2/18/2014 6:00,24,6,18
2/18/2014 7:00,23,5,18
2/18/2014 8:00,34,7,27
2/18/2014 9:00,10,2,8
2/18/2014 10:00,21,4,17
2/18/2014 11:00,18,4,14
2/18/2014 12:00,20,8,12
2/18/2014 13:00,37,1,36
2/18/2014 14:00,31,4,27
2/18/2014 15:00,21,0,21
2/18/2014 16:00,30,3,27
2/18/2014 17:00,81,2,79
2/18/2014 18:00,40,4,36
2/18/2014 19:00,41,5,36
2/18/2014 20:00,16,1,15
2/18/2014 21:00,8,4,4
2/18/2014 22:00,12,1,11
2/18/2014 23:00,2,0,2
2/19/2014 0:00,12,0,12
2/19/2014 1:00,0,0,0
2/19/2014 2:00,5,1,4
2/19/2014 3:00,0,0,0
2/19/2014 4:00,1,1,0
2/19/2014 5:00,0,0,0
2/19/2014 6:00,9,5,4
2/19/2014 7:00,21,11,10
2/19/2014 8:00,21,15,6
2/19/2014 9:00,6,4,2
2/19/2014 10:00,12,7,5
2/19/2014 11:00,10,2,8
2/19/2014 12:00,24,2,22
2/19/2014 13:00,33,4,29
2/19/2014 14:00,14,3,11
2/19/2014 15:00,28,2,26
2/19/2014 16:00,19,2,17
2/19/2014 17:00,30,3,27
2/19/2014 18:00,16,6,10
2/19/2014 19:00,13,2,11
2/19/2014 20:00,9,3,6
2/19/2014 21:00,8,1,7
2/19/2014 22:00,9,0,9
2/19/2014 23:00,2,0,2
2/20/2014 0:00,3,1,2
2/20/2014 1:00,0,0,0
2/20/2014 2:00,0,0,0
2/20/2014 3:00,1,1,0
2/20/2014 4:00,1,1,0
2/20/2014 5:00,1,1,0
2/20/2014 6:00,3,1,2
2/20/2014 7:00,10,6,4
2/20/2014 8:00,12,11,1
2/20/2014 9:00,9,1,8
2/20/2014 10:00,5,1,4
2/20/2014 11:00,13,5,8
2/20/2014 12:00,22,4,18
2/20/2014 13:00,39,5,34
2/20/2014 14:00,27,1,26
2/20/2014 15:00,18,7,11
2/20/2014 16:00,48,2,46
2/20/2014 17:00,48,2,46
2/20/2014 18:00,33,7,26
2/20/2014 19:00,9,1,8
2/20/2014 20:00,12,4,8
2/20/2014 21:00,10,0,10
2/20/2014 22:00,5,0,5
2/20/2014 23:00,6,2,4
2/21/2014 0:00,0,0,0
2/21/2014 1:00,0,0,0
2/21/2014 2:00,0,0,0
2/21/2014 3:00,0,0,0
2/21/2014 4:00,2,0,2
2/21/2014 5:00,5,1,4
2/21/2014 6:00,4,2,2
2/21/2014 7:00,8,4,4
2/21/2014 8:00,8,8,0
2/21/2014 9:00,11,2,9
2/21/2014 10:00,9,1,8
2/21/2014 11:00,19,5,14
2/21/2014 12:00,16,3,13
2/21/2014 13:00,18,6,12
2/21/2014 14:00,29,8,21
2/21/2014 15:00,16,2,14
2/21/2014 16:00,27,11,16
2/21/2014 17:00,36,6,30
2/21/2014 18:00,31,6,25
2/21/2014 19:00,22,7,15
2/21/2014 20:00,11,1,10
2/21/2014 21:00,11,2,9
2/21/2014 22:00,13,1,12
2/21/2014 23:00,2,1,1
2/22/2014 0:00,3,0,3
2/22/2014 1:00,6,0,6
2/22/2014 2:00,2,0,2
2/22/2014 3:00,0,0,0
2/22/2014 4:00,2,0,2
2/22/2014 5:00,2,0,2
2/22/2014 6:00,2,1,1
2/22/2014 7:00,4,0,4
2/22/2014 8:00,9,3,6
2/22/2014 9:00,11,4,7
2/22/2014 10:00,14,5,9
2/22/2014 11:00,10,3,7
2/22/2014 12:00,26,7,19
2/22/2014 13:00,9,6,3
2/22/2014 14:00,9,3,6
2/22/2014 15:00,28,8,20
2/22/2014 16:00,37,6,31
2/22/2014 17:00,19,6,13
2/22/2014 18:00,14,4,10
2/22/2014 19:00,19,4,15
2/22/2014 20:00,8,0,8
2/22/2014 21:00,9,3,6
2/22/2014 22:00,1,0,1
2/22/2014 23:00,4,0,4
2/23/2014 0:00,1,0,1
2/23/2014 1:00,2,0,2
2/23/2014 2:00,0,0,0
2/23/2014 3:00,0,0,0
2/23/2014 4:00,2,0,2
2/23/2014 5:00,1,0,1
2/23/2014 6:00,1,1,0
2/23/2014 7:00,5,2,3
2/23/2014 8:00,6,2,4
2/23/2014 9:00,15,8,7
2/23/2014 10:00,25,0,25
2/23/2014 11:00,13,5,8
2/23/2014 12:00,34,0,34
2/23/2014 13:00,11,5,6
2/23/2014 14:00,15,2,13
2/23/2014 15:00,17,1,16
2/23/2014 16:00,16,3,13
2/23/2014 17:00,16,4,12
2/23/2014 18:00,8,4,4
2/23/2014 19:00,12,4,8
2/23/2014 20:00,0,0,0
2/23/2014 21:00,6,2,4
2/23/2014 22:00,6,0,6
2/23/2014 23:00,4,0,4
2/24/2014 0:00,0,0,0
2/24/2014 1:00,0,0,0
2/24/2014 2:00,0,0,0
2/24/2014 3:00,0,0,0
2/24/2014 4:00,1,1,0
2/24/2014 5:00,2,2,0
2/24/2014 6:00,6,5,1
2/24/2014 7:00,19,12,7
2/24/2014 8:00,18,9,9
2/24/2014 9:00,30,6,24
2/24/2014 10:00,34,10,24
2/24/2014 11:00,25,2,23
2/24/2014 12:00,35,7,28
2/24/2014 13:00,14,2,12
2/24/2014 14:00,22,3,19
2/24/2014 15:00,24,7,17
2/24/2014 16:00,36,10,26
2/24/2014 17:00,38,7,31
2/24/2014 18:00,35,6,29
2/24/2014 19:00,17,2,15
2/24/2014 20:00,10,3,7
2/24/2014 21:00,6,1,5
2/24/2014 22:00,3,1,2
2/24/2014 23:00,1,0,1
2/25/2014 0:00,1,0,1
2/25/2014 1:00,0,0,0
2/25/2014 2:00,2,0,2
2/25/2014 3:00,0,0,0
2/25/2014 4:00,1,1,0
2/25/2014 5:00,2,2,0
2/25/2014 6:00,12,8,4
2/25/2014 7:00,20,17,3
2/25/2014 8:00,32,11,21
2/25/2014 9:00,26,9,17
2/25/2014 10:00,10,3,7
2/25/2014 11:00,28,2,26
2/25/2014 12:00,12,4,8
2/25/2014 13:00,17,4,13
2/25/2014 14:00,13,1,12
2/25/2014 15:00,18,3,15
2/25/2014 16:00,48,11,37
2/25/2014 17:00,48,3,45
2/25/2014 18:00,18,3,15
2/25/2014 19:00,25,3,22
2/25/2014 20:00,15,3,12
2/25/2014 21:00,6,1,5
2/25/2014 22:00,6,0,6
2/25/2014 23:00,1,1,0
2/26/2014 0:00,2,0,2
2/26/2014 1:00,0,0,0
2/26/2014 2:00,0,0,0
2/26/2014 3:00,0,0,0
2/26/2014 4:00,1,0,1
2/26/2014 5:00,2,2,0
2/26/2014 6:00,12,11,1
2/26/2014 7:00,21,17,4
2/26/2014 8:00,29,8,21
2/26/2014 9:00,18,8,10
2/26/2014 10:00,18,9,9
2/26/2014 11:00,34,1,33
2/26/2014 12:00,34,2,32
2/26/2014 13:00,21,3,18
2/26/2014 14:00,29,3,26
2/26/2014 15:00,24,6,18
2/26/2014 16:00,22,5,17
2/26/2014 17:00,50,9,41
2/26/2014 18:00,25,3,22
2/26/2014 19:00,21,2,19
2/26/2014 20:00,17,0,17
2/26/2014 21:00,8,0,8
2/26/2014 22:00,7,0,7
2/26/2014 23:00,7,1,6
2/27/2014 0:00,0,0,0
2/27/2014 1:00,3,0,3
2/27/2014 2:00,1,1,0
2/27/2014 3:00,0,0,0
2/27/2014 4:00,2,2,0
2/27/2014 5:00,2,2,0
2/27/2014 6:00,8,8,0
2/27/2014 7:00,26,13,13
2/27/2014 8:00,21,10,11
2/27/2014 9:00,26,11,15
2/27/2014 10:00,10,2,8
2/27/2014 11:00,15,1,14
2/27/2014 12:00,22,2,20
2/27/2014 13:00,31,6,25
2/27/2014 14:00,19,2,17
2/27/2014 15:00,34,3,31
2/27/2014 16:00,56,10,46
2/27/2014 17:00,87,3,84
2/27/2014 18:00,33,4,29
2/27/2014 19:00,24,5,19
2/27/2014 20:00,35,3,32
2/27/2014 21:00,12,1,11
2/27/2014 22:00,3,0,3
2/27/2014 23:00,5,2,3
2/28/2014 0:00,9,2,7
2/28/2014 1:00,2,0,2
2/28/2014 2:00,9,0,9
2/28/2014 3:00,2,0,2
2/28/2014 4:00,0,0,0
2/28/2014 5:00,1,1,0
2/28/2014 6:00,12,8,4
2/28/2014 7:00,32,13,19
2/28/2014 8:00,38,11,27
2/28/2014 9:00,37,6,31
2/28/2014 10:00,20,4,16
2/28/2014 11:00,19,1,18
2/28/2014 12:00,45,2,43
2/28/2014 13:00,32,1,31
2/28/2014 14:00,44,6,38
2/28/2014 15:00,39,3,36
2/28/2014 16:00,61,7,54
2/28/2014 17:00,52,1,51
2/28/2014 18:00,64,3,61
2/28/2014 19:00,30,0,30
2/28/2014 20:00,7,0,7
2/28/2014 21:00,9,1,8
2/28/2014 22:00,18,2,16
2/28/2014 23:00,0,0,0
3/1/2014 0:00,4,1,3
3/1/2014 1:00,2,0,2
3/1/2014 2:00,4,0,4
3/1/2014 3:00,0,0,0
3/1/2014 4:00,0,0,0
3/1/2014 5:00,2,0,2
3/1/2014 6:00,2,0,2
3/1/2014 7:00,10,2,8
3/1/2014 8:00,6,5,1
3/1/2014 9:00,13,5,8
3/1/2014 10:00,21,2,19
3/1/2014 11:00,23,4,19
3/1/2014 12:00,13,0,13
3/1/2014 13:00,29,6,23
3/1/2014 14:00,18,3,15
3/1/2014 15:00,18,2,16
3/1/2014 16:00,22,5,17
3/1/2014 17:00,16,0,16
3/1/2014 18:00,5,1,4
3/1/2014 19:00,7,1,6
3/1/2014 20:00,17,4,13
3/1/2014 21:00,4,0,4
3/1/2014 22:00,13,0,13
3/1/2014 23:00,9,1,8
3/2/2014 0:00,12,0,12
3/2/2014 1:00,2,0,2
3/2/2014 2:00,7,2,5
3/2/2014 3:00,2,0,2
3/2/2014 4:00,0,0,0
3/2/2014 5:00,0,0,0
3/2/2014 6:00,2,0,2
3/2/2014 7:00,2,0,2
3/2/2014 8:00,3,1,2
3/2/2014 9:00,9,3,6
3/2/2014 10:00,9,1,8
3/2/2014 11:00,14,1,13
3/2/2014 12:00,14,0,14
3/2/2014 13:00,16,1,15
3/2/2014 14:00,19,1,18
3/2/2014 15:00,16,3,13
3/2/2014 16:00,13,1,12
3/2/2014 17:00,10,2,8
3/2/2014 18:00,10,3,7
3/2/2014 19:00,6,0,6
3/2/2014 20:00,2,2,0
3/2/2014 21:00,2,0,2
3/2/2014 22:00,6,0,6
3/2/2014 23:00,0,0,0
3/3/2014 0:00,2,0,2
3/3/2014 1:00,0,0,0
3/3/2014 2:00,3,0,3
3/3/2014 3:00,1,1,0
3/3/2014 4:00,0,0,0
3/3/2014 5:00,2,2,0
3/3/2014 6:00,9,9,0
3/3/2014 7:00,12,4,8
3/3/2014 8:00,21,10,11
3/3/2014 9:00,12,4,8
3/3/2014 10:00,16,7,9
3/3/2014 11:00,19,3,16
3/3/2014 12:00,30,3,27
3/3/2014 13:00,17,1,16
3/3/2014 14:00,19,0,19
3/3/2014 15:00,34,11,23
3/3/2014 16:00,74,11,63
3/3/2014 17:00,94,6,88
3/3/2014 18:00,64,7,57
3/3/2014 19:00,60,1,59
3/3/2014 20:00,40,4,36
3/3/2014 21:00,10,4,6
3/3/2014 22:00,9,0,9
3/3/2014 23:00,3,0,3
3/4/2014 0:00,4,2,2
3/4/2014 1:00,0,0,0
3/4/2014 2:00,2,0,2
3/4/2014 3:00,0,0,0
3/4/2014 4:00,3,1,2
3/4/2014 5:00,2,2,0
3/4/2014 6:00,10,3,7
3/4/2014 7:00,21,11,10
3/4/2014 8:00,40,14,26
3/4/2014 9:00,19,4,15
3/4/2014 10:00,10,2,8
3/4/2014 11:00,16,2,14
3/4/2014 12:00,36,6,30
3/4/2014 13:00,27,6,21
3/4/2014 14:00,19,1,18
3/4/2014 15:00,29,13,16
3/4/2014 16:00,39,10,29
3/4/2014 17:00,71,2,69
3/4/2014 18:00,48,3,45
3/4/2014 19:00,21,7,14
3/4/2014 20:00,16,4,12
3/4/2014 21:00,4,0,4
3/4/2014 22:00,2,0,2
3/4/2014 23:00,4,0,4
3/5/2014 0:00,4,0,4
3/5/2014 1:00,0,0,0
3/5/2014 2:00,4,0,4
3/5/2014 3:00,0,0,0
3/5/2014 4:00,0,0,0
3/5/2014 5:00,3,3,0
3/5/2014 6:00,6,6,0
3/5/2014 7:00,16,7,9
3/5/2014 8:00,36,16,20
3/5/2014 9:00,16,9,7
3/5/2014 10:00,11,8,3
3/5/2014 11:00,14,3,11
3/5/2014 12:00,28,1,27
3/5/2014 13:00,18,1,17
3/5/2014 14:00,37,6,31
3/5/2014 15:00,30,10,20
3/5/2014 16:00,82,7,75
3/5/2014 17:00,87,11,76
3/5/2014 18:00,33,4,29
3/5/2014 19:00,23,1,22
3/5/2014 20:00,13,2,11
3/5/2014 21:00,11,1,10
3/5/2014 22:00,8,3,5
3/5/2014 23:00,2,0,2
3/6/2014 0:00,5,1,4
3/6/2014 1:00,2,0,2
3/6/2014 2:00,1,1,0
3/6/2014 3:00,0,0,0
3/6/2014 4:00,0,0,0
3/6/2014 5:00,1,1,0
3/6/2014 6:00,5,5,0
3/6/2014 7:00,23,10,13
3/6/2014 8:00,48,12,36
3/6/2014 9:00,22,5,17
3/6/2014 10:00,21,5,16
3/6/2014 11:00,29,7,22
3/6/2014 12:00,51,3,48
3/6/2014 13:00,20,5,15
3/6/2014 14:00,25,3,22
3/6/2014 15:00,33,5,28
3/6/2014 16:00,69,5,64
3/6/2014 17:00,57,1,56
3/6/2014 18:00,54,6,48
3/6/2014 19:00,33,4,29
3/6/2014 20:00,12,4,8
3/6/2014 21:00,20,2,18
3/6/2014 22:00,0,0,0
3/6/2014 23:00,3,1,2
3/7/2014 0:00,0,0,0
3/7/2014 1:00,2,0,2
3/7/2014 2:00,1,0,1
3/7/2014 3:00,0,0,0
3/7/2014 4:00,2,0,2
3/7/2014 5:00,2,2,0
3/7/2014 6:00,10,4,6
3/7/2014 7:00,17,9,8
3/7/2014 8:00,25,9,16
3/7/2014 9:00,15,6,9
3/7/2014 10:00,29,11,18
3/7/2014 11:00,12,1,11
3/7/2014 12:00,18,2,16
3/7/2014 13:00,22,2,20
3/7/2014 14:00,31,5,26
3/7/2014 15:00,16,3,13
3/7/2014 16:00,35,7,28
3/7/2014 17:00,60,1,59
3/7/2014 18:00,37,4,33
3/7/2014 19:00,24,4,20
3/7/2014 20:00,24,1,23
3/7/2014 21:00,7,1,6
3/7/2014 22:00,15,0,15
3/7/2014 23:00,8,3,5
3/8/2014 0:00,3,0,3
3/8/2014 1:00,4,0,4
3/8/2014 2:00,0,0,0
3/8/2014 3:00,0,0,0
3/8/2014 4:00,0,0,0
3/8/2014 5:00,0,0,0
3/8/2014 6:00,1,0,1
3/8/2014 7:00,14,1,13
3/8/2014 8:00,6,1,5
3/8/2014 9:00,21,11,10
3/8/2014 10:00,15,4,11
3/8/2014 11:00,30,9,21
3/8/2014 12:00,17,1,16
3/8/2014 13:00,16,2,14
3/8/2014 14:00,15,1,14
3/8/2014 15:00,22,2,20
3/8/2014 16:00,19,0,19
3/8/2014 17:00,15,5,10
3/8/2014 18:00,13,1,12
3/8/2014 19:00,19,3,16
3/8/2014 20:00,6,0,6
3/8/2014 21:00,7,1,6
3/8/2014 22:00,11,2,9
3/8/2014 23:00,2,0,2
3/9/2014 0:00,4,0,4
3/9/2014 1:00,2,0,2
3/9/2014 3:00,,,
3/9/2014 3:00,6,0,6
3/9/2014 4:00,0,0,0
3/9/2014 5:00,0,0,0
3/9/2014 6:00,2,0,2
3/9/2014 7:00,10,3,7
3/9/2014 8:00,7,1,6
3/9/2014 9:00,23,2,21
3/9/2014 10:00,34,5,29
3/9/2014 11:00,35,5,30
3/9/2014 12:00,24,10,14
3/9/2014 13:00,34,6,28
3/9/2014 14:00,38,10,28
3/9/2014 15:00,45,9,36
3/9/2014 16:00,31,9,22
3/9/2014 17:00,25,4,21
3/9/2014 18:00,23,2,21
3/9/2014 19:00,9,3,6
3/9/2014 20:00,12,1,11
3/9/2014 21:00,4,0,4
3/9/2014 22:00,6,0,6
3/9/2014 23:00,3,0,3
3/10/2014 0:00,2,0,2
3/10/2014 1:00,2,0,2
3/10/2014 2:00,0,0,0
3/10/2014 3:00,0,0,0
3/10/2014 4:00,0,0,0
3/10/2014 5:00,9,3,6
3/10/2014 6:00,7,5,2
3/10/2014 7:00,18,7,11
3/10/2014 8:00,25,4,21
3/10/2014 9:00,17,7,10
3/10/2014 10:00,10,2,8
3/10/2014 11:00,10,2,8
3/10/2014 12:00,13,1,12
3/10/2014 13:00,9,3,6
3/10/2014 14:00,22,2,20
3/10/2014 15:00,33,13,20
3/10/2014 16:00,36,5,31
3/10/2014 17:00,70,3,67
3/10/2014 18:00,45,1,44
3/10/2014 19:00,26,5,21
3/10/2014 20:00,29,1,28
3/10/2014 21:00,32,6,26
3/10/2014 22:00,9,3,6
3/10/2014 23:00,6,0,6
3/11/2014 0:00,0,0,0
3/11/2014 1:00,1,0,1
3/11/2014 2:00,0,0,0
3/11/2014 3:00,6,0,6
3/11/2014 4:00,1,1,0
3/11/2014 5:00,1,1,0
3/11/2014 6:00,13,7,6
3/11/2014 7:00,25,14,11
3/11/2014 8:00,38,14,24
3/11/2014 9:00,24,11,13
3/11/2014 10:00,19,7,12
3/11/2014 11:00,24,6,18
3/11/2014 12:00,26,5,21
3/11/2014 13:00,23,2,21
3/11/2014 14:00,34,7,27
3/11/2014 15:00,37,14,23
3/11/2014 16:00,62,20,42
3/11/2014 17:00,67,5,62
3/11/2014 18:00,74,7,67
3/11/2014 19:00,48,2,46
3/11/2014 20:00,14,1,13
3/11/2014 21:00,14,2,12
3/11/2014 22:00,4,0,4
3/11/2014 23:00,6,1,5
3/12/2014 0:00,8,0,8
3/12/2014 1:00,0,0,0
3/12/2014 2:00,0,0,0
3/12/2014 3:00,0,0,0
3/12/2014 4:00,3,0,3
3/12/2014 5:00,2,2,0
3/12/2014 6:00,7,7,0
3/12/2014 7:00,36,21,15
3/12/2014 8:00,26,11,15
3/12/2014 9:00,17,9,8
3/12/2014 10:00,26,8,18
3/12/2014 11:00,37,2,35
3/12/2014 12:00,34,0,34
3/12/2014 13:00,30,2,28
3/12/2014 14:00,36,6,30
3/12/2014 15:00,50,8,42
3/12/2014 16:00,62,15,47
3/12/2014 17:00,67,12,55
3/12/2014 18:00,42,10,32
3/12/2014 19:00,22,0,22
3/12/2014 20:00,26,5,21
3/12/2014 21:00,10,3,7
3/12/2014 22:00,9,1,8
3/12/2014 23:00,2,0,2
3/13/2014 0:00,2,0,2
3/13/2014 1:00,2,0,2
3/13/2014 2:00,0,0,0
3/13/2014 3:00,0,0,0
3/13/2014 4:00,2,2,0
3/13/2014 5:00,3,1,2
3/13/2014 6:00,12,10,2
3/13/2014 7:00,26,13,13
3/13/2014 8:00,18,7,11
3/13/2014 9:00,19,15,4
3/13/2014 10:00,16,8,8
3/13/2014 11:00,30,3,27
3/13/2014 12:00,28,2,26
3/13/2014 13:00,26,5,21
3/13/2014 14:00,26,3,23
3/13/2014 15:00,56,10,46
3/13/2014 16:00,63,17,46
3/13/2014 17:00,74,15,59
3/13/2014 18:00,35,7,28
3/13/2014 19:00,25,1,24
3/13/2014 20:00,68,1,67
3/13/2014 21:00,18,1,17
3/13/2014 22:00,5,1,4
3/13/2014 23:00,0,0,0
3/14/2014 0:00,4,0,4
3/14/2014 1:00,0,0,0
3/14/2014 2:00,1,1,0
3/14/2014 3:00,0,0,0
3/14/2014 4:00,2,0,2
3/14/2014 5:00,1,1,0
3/14/2014 6:00,6,6,0
3/14/2014 7:00,19,11,8
3/14/2014 8:00,18,8,10
3/14/2014 9:00,15,9,6
3/14/2014 10:00,37,8,29
3/14/2014 11:00,19,8,11
3/14/2014 12:00,25,3,22
3/14/2014 13:00,23,6,17
3/14/2014 14:00,19,3,16
3/14/2014 15:00,35,8,27
3/14/2014 16:00,40,8,32
3/14/2014 17:00,64,9,55
3/14/2014 18:00,43,5,38
3/14/2014 19:00,25,5,20
3/14/2014 20:00,15,4,11
3/14/2014 21:00,6,0,6
3/14/2014 22:00,7,1,6
3/14/2014 23:00,4,0,4
3/15/2014 0:00,6,0,6
3/15/2014 1:00,3,1,2
3/15/2014 2:00,0,0,0
3/15/2014 3:00,0,0,0
3/15/2014 4:00,0,0,0
3/15/2014 5:00,0,0,0
3/15/2014 6:00,1,1,0
3/15/2014 7:00,5,2,3
3/15/2014 8:00,12,4,8
3/15/2014 9:00,10,5,5
3/15/2014 10:00,22,10,12
3/15/2014 11:00,25,6,19
3/15/2014 12:00,44,5,39
3/15/2014 13:00,57,3,54
3/15/2014 14:00,53,3,50
3/15/2014 15:00,51,7,44
3/15/2014 16:00,38,2,36
3/15/2014 17:00,25,4,21
3/15/2014 18:00,20,2,18
3/15/2014 19:00,16,4,12
3/15/2014 20:00,16,3,13
3/15/2014 21:00,15,3,12
3/15/2014 22:00,16,4,12
3/15/2014 23:00,8,0,8
3/16/2014 0:00,0,0,0
3/16/2014 1:00,4,2,2
3/16/2014 2:00,0,0,0
3/16/2014 3:00,0,0,0
3/16/2014 4:00,2,0,2
3/16/2014 5:00,2,0,2
3/16/2014 6:00,0,0,0
3/16/2014 7:00,7,1,6
3/16/2014 8:00,11,2,9
3/16/2014 9:00,9,0,9
3/16/2014 10:00,8,1,7
3/16/2014 11:00,10,1,9
3/16/2014 12:00,20,5,15
3/16/2014 13:00,20,3,17
3/16/2014 14:00,11,1,10
3/16/2014 15:00,25,3,22
3/16/2014 16:00,21,2,19
3/16/2014 17:00,11,3,8
3/16/2014 18:00,12,0,12
3/16/2014 19:00,6,0,6
3/16/2014 20:00,18,2,16
3/16/2014 21:00,5,0,5
3/16/2014 22:00,2,0,2
3/16/2014 23:00,6,0,6
3/17/2014 0:00,1,1,0
3/17/2014 1:00,4,0,4
3/17/2014 2:00,0,0,0
3/17/2014 3:00,0,0,0
3/17/2014 4:00,2,0,2
3/17/2014 5:00,2,2,0
3/17/2014 6:00,9,7,2
3/17/2014 7:00,15,8,7
3/17/2014 8:00,25,7,18
3/17/2014 9:00,18,3,15
3/17/2014 10:00,20,6,14
3/17/2014 11:00,20,3,17
3/17/2014 12:00,47,4,43
3/17/2014 13:00,35,4,31
3/17/2014 14:00,24,2,22
3/17/2014 15:00,39,6,33
3/17/2014 16:00,85,9,76
3/17/2014 17:00,89,4,85
3/17/2014 18:00,51,6,45
3/17/2014 19:00,38,7,31
3/17/2014 20:00,12,0,12
3/17/2014 21:00,10,1,9
3/17/2014 22:00,10,0,10
3/17/2014 23:00,7,1,6
3/18/2014 0:00,2,0,2
3/18/2014 1:00,4,0,4
3/18/2014 2:00,5,1,4
3/18/2014 3:00,0,0,0
3/18/2014 4:00,0,0,0
3/18/2014 5:00,3,3,0
3/18/2014 6:00,8,6,2
3/18/2014 7:00,32,7,25
3/18/2014 8:00,25,10,15
3/18/2014 9:00,18,10,8
3/18/2014 10:00,24,7,17
3/18/2014 11:00,19,6,13
3/18/2014 12:00,8,2,6
3/18/2014 13:00,17,4,13
3/18/2014 14:00,22,1,21
3/18/2014 15:00,29,5,24
3/18/2014 16:00,34,10,24
3/18/2014 17:00,57,13,44
3/18/2014 18:00,36,5,31
3/18/2014 19:00,34,4,30
3/18/2014 20:00,10,2,8
3/18/2014 21:00,3,0,3
3/18/2014 22:00,5,0,5
3/18/2014 23:00,5,1,4
3/19/2014 0:00,3,0,3
3/19/2014 1:00,0,0,0
3/19/2014 2:00,2,2,0
3/19/2014 3:00,0,0,0
3/19/2014 4:00,1,1,0
3/19/2014 5:00,5,4,1
3/19/2014 6:00,7,7,0
3/19/2014 7:00,28,18,10
3/19/2014 8:00,27,9,18
3/19/2014 9:00,18,14,4
3/19/2014 10:00,17,8,9
3/19/2014 11:00,36,2,34
3/19/2014 12:00,19,1,18
3/19/2014 13:00,14,3,11
3/19/2014 14:00,27,9,18
3/19/2014 15:00,41,5,36
3/19/2014 16:00,43,8,35
3/19/2014 17:00,55,10,45
3/19/2014 18:00,33,3,30
3/19/2014 19:00,22,2,20
3/19/2014 20:00,25,7,18
3/19/2014 21:00,8,2,6
3/19/2014 22:00,6,2,4
3/19/2014 23:00,3,1,2
3/20/2014 0:00,5,5,0
3/20/2014 1:00,0,0,0
3/20/2014 2:00,0,0,0
3/20/2014 3:00,0,0,0
3/20/2014 4:00,1,1,0
3/20/2014 5:00,4,4,0
3/20/2014 6:00,11,7,4
3/20/2014 7:00,27,18,9
3/20/2014 8:00,18,9,9
3/20/2014 9:00,12,10,2
3/20/2014 10:00,12,3,9
3/20/2014 11:00,12,2,10
3/20/2014 12:00,16,3,13
3/20/2014 13:00,18,5,13
3/20/2014 14:00,40,5,35
3/20/2014 15:00,68,9,59
3/20/2014 16:00,56,13,43
3/20/2014 17:00,78,9,69
3/20/2014 18:00,40,3,37
3/20/2014 19:00,28,4,24
3/20/2014 20:00,15,3,12
3/20/2014 21:00,8,0,8
3/20/2014 22:00,8,0,8
3/20/2014 23:00,11,1,10
3/21/2014 0:00,4,0,4
3/21/2014 1:00,1,1,0
3/21/2014 2:00,0,0,0
3/21/2014 3:00,0,0,0
3/21/2014 4:00,0,0,0
3/21/2014 5:00,1,1,0
3/21/2014 6:00,5,5,0
3/21/2014 7:00,14,6,8
3/21/2014 8:00,10,7,3
3/21/2014 9:00,21,12,9
3/21/2014 10:00,24,5,19
3/21/2014 11:00,22,10,12
3/21/2014 12:00,34,4,30
3/21/2014 13:00,25,6,19
3/21/2014 14:00,40,6,34
3/21/2014 15:00,25,6,19
3/21/2014 16:00,68,13,55
3/21/2014 17:00,170,19,151
3/21/2014 18:00,100,8,92
3/21/2014 19:00,38,4,34
3/21/2014 20:00,28,7,21
3/21/2014 21:00,14,8,6
3/21/2014 22:00,6,1,5
3/21/2014 23:00,6,0,6
3/22/2014 0:00,7,0,7
3/22/2014 1:00,8,2,6
3/22/2014 2:00,0,0,0
3/22/2014 3:00,4,0,4
3/22/2014 4:00,0,0,0
3/22/2014 5:00,1,1,0
3/22/2014 6:00,3,1,2
3/22/2014 7:00,8,2,6
3/22/2014 8:00,9,2,7
3/22/2014 9:00,21,5,16
3/22/2014 10:00,21,7,14
3/22/2014 11:00,32,5,27
3/22/2014 12:00,50,13,37
3/22/2014 13:00,38,8,30
3/22/2014 14:00,50,5,45
3/22/2014 15:00,62,7,55
3/22/2014 16:00,24,6,18
3/22/2014 17:00,22,6,16
3/22/2014 18:00,28,2,26
3/22/2014 19:00,30,10,20
3/22/2014 20:00,16,7,9
3/22/2014 21:00,13,0,13
3/22/2014 22:00,6,1,5
3/22/2014 23:00,10,2,8
3/23/2014 0:00,15,0,15
3/23/2014 1:00,5,1,4
3/23/2014 2:00,2,0,2
3/23/2014 3:00,1,1,0
3/23/2014 4:00,2,0,2
3/23/2014 5:00,3,0,3
3/23/2014 6:00,2,0,2
3/23/2014 7:00,2,0,2
3/23/2014 8:00,8,6,2
3/23/2014 9:00,9,3,6
3/23/2014 10:00,23,6,17
3/23/2014 11:00,31,6,25
3/23/2014 12:00,34,4,30
3/23/2014 13:00,62,6,56
3/23/2014 14:00,31,11,20
3/23/2014 15:00,37,2,35
3/23/2014 16:00,56,5,51
3/23/2014 17:00,51,8,43
3/23/2014 18:00,55,2,53
3/23/2014 19:00,35,5,30
3/23/2014 20:00,21,3,18
3/23/2014 21:00,8,2,6
3/23/2014 22:00,7,1,6
3/23/2014 23:00,2,0,2
3/24/2014 0:00,2,2,0
3/24/2014 1:00,0,0,0
3/24/2014 2:00,0,0,0
3/24/2014 3:00,0,0,0
3/24/2014 4:00,0,0,0
3/24/2014 5:00,0,0,0
3/24/2014 6:00,11,7,4
3/24/2014 7:00,27,13,14
3/24/2014 8:00,13,9,4
3/24/2014 9:00,29,11,18
3/24/2014 10:00,36,3,33
3/24/2014 11:00,31,2,29
3/24/2014 12:00,20,2,18
3/24/2014 13:00,40,6,34
3/24/2014 14:00,29,1,28
3/24/2014 15:00,33,7,26
3/24/2014 16:00,52,12,40
3/24/2014 17:00,116,16,100
3/24/2014 18:00,76,5,71
3/24/2014 19:00,39,5,34
3/24/2014 20:00,15,2,13
3/24/2014 21:00,12,2,10
3/24/2014 22:00,5,0,5
3/24/2014 23:00,2,0,2
3/25/2014 0:00,4,0,4
3/25/2014 1:00,0,0,0
3/25/2014 2:00,5,1,4
3/25/2014 3:00,0,0,0
3/25/2014 4:00,2,2,0
3/25/2014 5:00,1,1,0
3/25/2014 6:00,15,9,6
3/25/2014 7:00,31,14,17
3/25/2014 8:00,42,9,33
3/25/2014 9:00,36,12,24
3/25/2014 10:00,15,7,8
3/25/2014 11:00,12,1,11
3/25/2014 12:00,20,5,15
3/25/2014 13:00,33,9,24
3/25/2014 14:00,44,6,38
3/25/2014 15:00,110,5,105
3/25/2014 16:00,129,21,108
3/25/2014 17:00,85,9,76
3/25/2014 18:00,30,4,26
3/25/2014 19:00,20,1,19
3/25/2014 20:00,15,3,12
3/25/2014 21:00,10,5,5
3/25/2014 22:00,11,1,10
3/25/2014 23:00,7,1,6
3/26/2014 0:00,2,0,2
3/26/2014 1:00,0,0,0
3/26/2014 2:00,0,0,0
3/26/2014 3:00,1,0,1
3/26/2014 4:00,1,1,0
3/26/2014 5:00,5,3,2
3/26/2014 6:00,8,4,4
3/26/2014 7:00,28,23,5
3/26/2014 8:00,39,14,25
3/26/2014 9:00,16,5,11
3/26/2014 10:00,11,3,8
3/26/2014 11:00,7,3,4
3/26/2014 12:00,39,7,32
3/26/2014 13:00,41,4,37
3/26/2014 14:00,29,11,18
3/26/2014 15:00,35,9,26
3/26/2014 16:00,49,24,25
3/26/2014 17:00,96,10,86
3/26/2014 18:00,89,16,73
3/26/2014 19:00,21,1,20
3/26/2014 20:00,35,9,26
3/26/2014 21:00,12,1,11
3/26/2014 22:00,4,1,3
3/26/2014 23:00,9,1,8
3/27/2014 0:00,5,0,5
3/27/2014 1:00,0,0,0
3/27/2014 2:00,2,0,2
3/27/2014 3:00,3,3,0
3/27/2014 4:00,0,0,0
3/27/2014 5:00,3,3,0
3/27/2014 6:00,8,4,4
3/27/2014 7:00,21,8,13
3/27/2014 8:00,24,8,16
3/27/2014 9:00,29,14,15
3/27/2014 10:00,11,4,7
3/27/2014 11:00,18,7,11
3/27/2014 12:00,14,3,11
3/27/2014 13:00,22,2,20
3/27/2014 14:00,50,5,45
3/27/2014 15:00,33,7,26
3/27/2014 16:00,46,8,38
3/27/2014 17:00,48,8,40
3/27/2014 18:00,59,11,48
3/27/2014 19:00,12,4,8
3/27/2014 20:00,18,1,17
3/27/2014 21:00,9,1,8
3/27/2014 22:00,6,0,6
3/27/2014 23:00,3,1,2
3/28/2014 0:00,0,0,0
3/28/2014 1:00,0,0,0
3/28/2014 2:00,9,1,8
3/28/2014 3:00,2,0,2
3/28/2014 4:00,1,1,0
3/28/2014 5:00,3,1,2
3/28/2014 6:00,5,5,0
3/28/2014 7:00,21,10,11
3/28/2014 8:00,16,7,9
3/28/2014 9:00,26,13,13
3/28/2014 10:00,16,1,15
3/28/2014 11:00,16,8,8
3/28/2014 12:00,25,5,20
3/28/2014 13:00,21,8,13
3/28/2014 14:00,42,11,31
3/28/2014 15:00,30,8,22
3/28/2014 16:00,61,15,46
3/28/2014 17:00,61,16,45
3/28/2014 18:00,64,7,57
3/28/2014 19:00,35,0,35
3/28/2014 20:00,24,3,21
3/28/2014 21:00,20,2,18
3/28/2014 22:00,14,5,9
3/28/2014 23:00,3,1,2
3/29/2014 0:00,0,0,0
3/29/2014 1:00,0,0,0
3/29/2014 2:00,6,2,4
3/29/2014 3:00,0,0,0
3/29/2014 4:00,2,0,2
3/29/2014 5:00,2,2,0
3/29/2014 6:00,3,1,2
3/29/2014 7:00,14,2,12
3/29/2014 8:00,11,3,8
3/29/2014 9:00,18,5,13
3/29/2014 10:00,23,2,21
3/29/2014 11:00,31,4,27
3/29/2014 12:00,55,5,50
3/29/2014 13:00,46,3,43
3/29/2014 14:00,44,8,36
3/29/2014 15:00,19,2,17
3/29/2014 16:00,23,7,16
3/29/2014 17:00,20,2,18
3/29/2014 18:00,23,8,15
3/29/2014 19:00,6,1,5
3/29/2014 20:00,17,3,14
3/29/2014 21:00,20,1,19
3/29/2014 22:00,14,1,13
3/29/2014 23:00,10,2,8
3/30/2014 0:00,2,1,1
3/30/2014 1:00,6,0,6
3/30/2014 2:00,6,0,6
3/30/2014 3:00,0,0,0
3/30/2014 4:00,0,0,0
3/30/2014 5:00,0,0,0
3/30/2014 6:00,0,0,0
3/30/2014 7:00,4,1,3
3/30/2014 8:00,10,2,8
3/30/2014 9:00,7,1,6
3/30/2014 10:00,17,3,14
3/30/2014 11:00,33,6,27
3/30/2014 12:00,33,11,22
3/30/2014 13:00,22,3,19
3/30/2014 14:00,22,4,18
3/30/2014 15:00,30,3,27
3/30/2014 16:00,38,6,32
3/30/2014 17:00,33,4,29
3/30/2014 18:00,35,2,33
3/30/2014 19:00,12,2,10
3/30/2014 20:00,8,5,3
3/30/2014 21:00,9,3,6
3/30/2014 22:00,8,2,6
3/30/2014 23:00,4,0,4
3/31/2014 0:00,0,0,0
3/31/2014 1:00,0,0,0
3/31/2014 2:00,0,0,0
3/31/2014 3:00,2,0,2
3/31/2014 4:00,4,2,2
3/31/2014 5:00,0,0,0
3/31/2014 6:00,10,10,0
3/31/2014 7:00,30,12,18
3/31/2014 8:00,18,9,9
3/31/2014 9:00,27,7,20
3/31/2014 10:00,19,4,15
3/31/2014 11:00,21,2,19
3/31/2014 12:00,20,6,14
3/31/2014 13:00,22,2,20
3/31/2014 14:00,25,5,20
3/31/2014 15:00,39,9,30
3/31/2014 16:00,54,18,36
3/31/2014 17:00,56,7,49
3/31/2014 18:00,67,8,59
3/31/2014 19:00,50,7,43
3/31/2014 20:00,21,5,16
3/31/2014 21:00,14,2,12
3/31/2014 22:00,10,0,10
3/31/2014 23:00,7,0,7
4/1/2014 0:00,4,0,4
4/1/2014 1:00,2,0,2
4/1/2014 2:00,0,0,0
4/1/2014 3:00,4,0,4
4/1/2014 4:00,0,0,0
4/1/2014 5:00,3,1,2
4/1/2014 6:00,14,10,4
4/1/2014 7:00,26,12,14
4/1/2014 8:00,25,11,14
4/1/2014 9:00,29,14,15
4/1/2014 10:00,36,18,18
4/1/2014 11:00,30,2,28
4/1/2014 12:00,24,6,18
4/1/2014 13:00,39,8,31
4/1/2014 14:00,45,6,39
4/1/2014 15:00,38,9,29
4/1/2014 16:00,42,6,36
4/1/2014 17:00,163,11,152
4/1/2014 18:00,117,6,111
4/1/2014 19:00,44,7,37
4/1/2014 20:00,26,2,24
4/1/2014 21:00,14,1,13
4/1/2014 22:00,11,0,11
4/1/2014 23:00,2,2,0
4/2/2014 0:00,2,0,2
4/2/2014 1:00,1,1,0
4/2/2014 2:00,2,1,1
4/2/2014 3:00,0,0,0
4/2/2014 4:00,0,0,0
4/2/2014 5:00,4,4,0
4/2/2014 6:00,5,5,0
4/2/2014 7:00,30,14,16
4/2/2014 8:00,31,14,17
4/2/2014 9:00,14,8,6
4/2/2014 10:00,14,2,12
4/2/2014 11:00,18,8,10
4/2/2014 12:00,14,7,7
4/2/2014 13:00,11,1,10
4/2/2014 14:00,19,6,13
4/2/2014 15:00,27,3,24
4/2/2014 16:00,40,5,35
4/2/2014 17:00,73,11,62
4/2/2014 18:00,64,9,55
4/2/2014 19:00,37,5,32
4/2/2014 20:00,19,3,16
4/2/2014 21:00,12,0,12
4/2/2014 22:00,6,0,6
4/2/2014 23:00,9,2,7
4/3/2014 0:00,4,0,4
4/3/2014 1:00,2,0,2
4/3/2014 2:00,1,0,1
4/3/2014 3:00,0,0,0
4/3/2014 4:00,0,0,0
4/3/2014 5:00,4,2,2
4/3/2014 6:00,4,4,0
4/3/2014 7:00,30,12,18
4/3/2014 8:00,49,13,36
4/3/2014 9:00,29,9,20
4/3/2014 10:00,21,9,12
4/3/2014 11:00,16,3,13
4/3/2014 12:00,16,5,11
4/3/2014 13:00,12,4,8
4/3/2014 14:00,28,6,22
4/3/2014 15:00,41,4,37
4/3/2014 16:00,63,7,56
4/3/2014 17:00,46,4,42
4/3/2014 18:00,40,0,40
4/3/2014 19:00,34,2,32
4/3/2014 20:00,23,1,22
4/3/2014 21:00,16,2,14
4/3/2014 22:00,10,0,10
4/3/2014 23:00,2,0,2
4/4/2014 0:00,0,0,0
4/4/2014 1:00,2,0,2
4/4/2014 2:00,0,0,0
4/4/2014 3:00,0,0,0
4/4/2014 4:00,0,0,0
4/4/2014 5:00,0,0,0
4/4/2014 6:00,7,7,0
4/4/2014 7:00,23,11,12
4/4/2014 8:00,21,8,13
4/4/2014 9:00,20,8,12
4/4/2014 10:00,17,3,14
4/4/2014 11:00,42,5,37
4/4/2014 12:00,31,4,27
4/4/2014 13:00,37,5,32
4/4/2014 14:00,29,4,25
4/4/2014 15:00,50,1,49
4/4/2014 16:00,53,5,48
4/4/2014 17:00,65,4,61
4/4/2014 18:00,38,2,36
4/4/2014 19:00,46,8,38
4/4/2014 20:00,25,6,19
4/4/2014 21:00,24,3,21
4/4/2014 22:00,9,3,6
4/4/2014 23:00,12,0,12
4/5/2014 0:00,2,0,2
4/5/2014 1:00,0,0,0
4/5/2014 2:00,0,0,0
4/5/2014 3:00,0,0,0
4/5/2014 4:00,1,1,0
4/5/2014 5:00,1,1,0
4/5/2014 6:00,1,1,0
4/5/2014 7:00,5,3,2
4/5/2014 8:00,10,5,5
4/5/2014 9:00,17,3,14
4/5/2014 10:00,26,10,16
4/5/2014 11:00,27,7,20
4/5/2014 12:00,20,3,17
4/5/2014 13:00,49,7,42
4/5/2014 14:00,29,7,22
4/5/2014 15:00,36,6,30
4/5/2014 16:00,32,6,26
4/5/2014 17:00,31,7,24
4/5/2014 18:00,22,7,15
4/5/2014 19:00,15,4,11
4/5/2014 20:00,19,3,16
4/5/2014 21:00,17,1,16
4/5/2014 22:00,14,2,12
4/5/2014 23:00,5,0,5
4/6/2014 0:00,12,0,12
4/6/2014 1:00,2,0,2
4/6/2014 2:00,1,1,0
4/6/2014 3:00,0,0,0
4/6/2014 4:00,0,0,0
4/6/2014 5:00,2,0,2
4/6/2014 6:00,0,0,0
4/6/2014 7:00,4,0,4
4/6/2014 8:00,6,4,2
4/6/2014 9:00,12,7,5
4/6/2014 10:00,16,3,13
4/6/2014 11:00,27,7,20
4/6/2014 12:00,30,14,16
4/6/2014 13:00,36,4,32
4/6/2014 14:00,25,6,19
4/6/2014 15:00,34,6,28
4/6/2014 16:00,27,2,25
4/6/2014 17:00,24,3,21
4/6/2014 18:00,24,2,22
4/6/2014 19:00,7,3,4
4/6/2014 20:00,21,3,18
4/6/2014 21:00,6,2,4
4/6/2014 22:00,2,0,2
4/6/2014 23:00,4,0,4
4/7/2014 0:00,2,0,2
4/7/2014 1:00,0,0,0
4/7/2014 2:00,0,0,0
4/7/2014 3:00,0,0,0
4/7/2014 4:00,1,1,0
4/7/2014 5:00,0,0,0
4/7/2014 6:00,12,8,4
4/7/2014 7:00,34,14,20
4/7/2014 8:00,31,6,25
4/7/2014 9:00,21,10,11
4/7/2014 10:00,13,4,9
4/7/2014 11:00,30,5,25
4/7/2014 12:00,25,8,17
4/7/2014 13:00,42,10,32
4/7/2014 14:00,39,4,35
4/7/2014 15:00,42,9,33
4/7/2014 16:00,96,18,78
4/7/2014 17:00,136,5,131
4/7/2014 18:00,81,4,77
4/7/2014 19:00,59,4,55
4/7/2014 20:00,58,2,56
4/7/2014 21:00,13,3,10
4/7/2014 22:00,8,0,8
4/7/2014 23:00,2,0,2
4/8/2014 0:00,2,0,2
4/8/2014 1:00,0,0,0
4/8/2014 2:00,0,0,0
4/8/2014 3:00,0,0,0
4/8/2014 4:00,1,1,0
4/8/2014 5:00,3,1,2
4/8/2014 6:00,14,10,4
4/8/2014 7:00,25,10,15
4/8/2014 8:00,30,9,21
4/8/2014 9:00,33,16,17
4/8/2014 10:00,18,5,13
4/8/2014 11:00,25,11,14
4/8/2014 12:00,34,6,28
4/8/2014 13:00,30,14,16
4/8/2014 14:00,31,10,21
4/8/2014 15:00,30,9,21
4/8/2014 16:00,37,8,29
4/8/2014 17:00,47,3,44
4/8/2014 18:00,69,3,66
4/8/2014 19:00,65,1,64
4/8/2014 20:00,14,3,11
4/8/2014 21:00,19,3,16
4/8/2014 22:00,20,1,19
4/8/2014 23:00,4,0,4
4/9/2014 0:00,4,0,4
4/9/2014 1:00,2,2,0
4/9/2014 2:00,0,0,0
4/9/2014 3:00,0,0,0
4/9/2014 4:00,0,0,0
4/9/2014 5:00,2,2,0
4/9/2014 6:00,5,5,0
4/9/2014 7:00,15,14,1
4/9/2014 8:00,25,12,13
4/9/2014 9:00,19,8,11
4/9/2014 10:00,22,4,18
4/9/2014 11:00,17,3,14
4/9/2014 12:00,26,6,20
4/9/2014 13:00,13,4,9
4/9/2014 14:00,30,3,27
4/9/2014 15:00,68,8,60
4/9/2014 16:00,85,11,74
4/9/2014 17:00,158,10,148
4/9/2014 18:00,82,9,73
4/9/2014 19:00,51,9,42
4/9/2014 20:00,23,2,21
4/9/2014 21:00,10,4,6
4/9/2014 22:00,12,1,11
4/9/2014 23:00,13,3,10
4/10/2014 0:00,2,0,2
4/10/2014 1:00,0,0,0
4/10/2014 2:00,0,0,0
4/10/2014 3:00,0,0,0
4/10/2014 4:00,1,1,0
4/10/2014 5:00,1,1,0
4/10/2014 6:00,11,9,2
4/10/2014 7:00,37,22,15
4/10/2014 8:00,41,9,32
4/10/2014 9:00,23,8,15
4/10/2014 10:00,22,7,15
4/10/2014 11:00,12,3,9
4/10/2014 12:00,34,9,25
4/10/2014 13:00,37,6,31
4/10/2014 14:00,58,3,55
4/10/2014 15:00,68,7,61
4/10/2014 16:00,82,6,76
4/10/2014 17:00,105,7,98
4/10/2014 18:00,61,10,51
4/10/2014 19:00,22,5,17
4/10/2014 20:00,23,5,18
4/10/2014 21:00,22,2,20
4/10/2014 22:00,12,4,8
4/10/2014 23:00,5,0,5
4/11/2014 0:00,3,2,1
4/11/2014 1:00,4,2,2
4/11/2014 2:00,0,0,0
4/11/2014 3:00,0,0,0
4/11/2014 4:00,0,0,0
4/11/2014 5:00,1,1,0
4/11/2014 6:00,10,8,2
4/11/2014 7:00,16,9,7
4/11/2014 8:00,23,7,16
4/11/2014 9:00,19,10,9
4/11/2014 10:00,17,6,11
4/11/2014 11:00,12,4,8
4/11/2014 12:00,30,8,22
4/11/2014 13:00,31,7,24
4/11/2014 14:00,50,5,45
4/11/2014 15:00,50,9,41
4/11/2014 16:00,61,6,55
4/11/2014 17:00,57,5,52
4/11/2014 18:00,50,5,45
4/11/2014 19:00,48,7,41
4/11/2014 20:00,16,3,13
4/11/2014 21:00,20,4,16
4/11/2014 22:00,3,1,2
4/11/2014 23:00,12,4,8
4/12/2014 0:00,2,0,2
4/12/2014 1:00,0,0,0
4/12/2014 2:00,1,0,1
4/12/2014 3:00,0,0,0
4/12/2014 4:00,2,0,2
4/12/2014 5:00,1,1,0
4/12/2014 6:00,4,1,3
4/12/2014 7:00,11,4,7
4/12/2014 8:00,19,3,16
4/12/2014 9:00,18,7,11
4/12/2014 10:00,38,12,26
4/12/2014 11:00,26,9,17
4/12/2014 12:00,27,9,18
4/12/2014 13:00,30,4,26
4/12/2014 14:00,28,5,23
4/12/2014 15:00,31,5,26
4/12/2014 16:00,47,10,37
4/12/2014 17:00,45,9,36
4/12/2014 18:00,44,6,38
4/12/2014 19:00,33,2,31
4/12/2014 20:00,24,4,20
4/12/2014 21:00,26,0,26
4/12/2014 22:00,27,1,26
4/12/2014 23:00,10,0,10
4/13/2014 0:00,8,0,8
4/13/2014 1:00,8,0,8
4/13/2014 2:00,2,0,2
4/13/2014 3:00,6,0,6
4/13/2014 4:00,2,0,2
4/13/2014 5:00,0,0,0
4/13/2014 6:00,3,1,2
4/13/2014 7:00,15,5,10
4/13/2014 8:00,19,5,14
4/13/2014 9:00,33,7,26
4/13/2014 10:00,35,2,33
4/13/2014 11:00,54,6,48
4/13/2014 12:00,69,12,57
4/13/2014 13:00,41,2,39
4/13/2014 14:00,51,12,39
4/13/2014 15:00,48,4,44
4/13/2014 16:00,23,4,19
4/13/2014 17:00,13,2,11
4/13/2014 18:00,28,0,28
4/13/2014 19:00,35,6,29
4/13/2014 20:00,18,3,15
4/13/2014 21:00,11,2,9
4/13/2014 22:00,10,0,10
4/13/2014 23:00,6,0,6
4/14/2014 0:00,3,1,2
4/14/2014 1:00,0,0,0
4/14/2014 2:00,4,0,4
4/14/2014 3:00,1,1,0
4/14/2014 4:00,1,1,0
4/14/2014 5:00,1,0,1
4/14/2014 6:00,21,15,6
4/14/2014 7:00,28,15,13
4/14/2014 8:00,14,7,7
4/14/2014 9:00,22,7,15
4/14/2014 10:00,32,12,20
4/14/2014 11:00,26,10,16
4/14/2014 12:00,34,4,30
4/14/2014 13:00,28,9,19
4/14/2014 14:00,58,4,54
4/14/2014 15:00,73,7,66
4/14/2014 16:00,53,8,45
4/14/2014 17:00,91,9,82
4/14/2014 18:00,28,4,24
4/14/2014 19:00,40,8,32
4/14/2014 20:00,32,5,27
4/14/2014 21:00,12,0,12
4/14/2014 22:00,9,1,8
4/14/2014 23:00,9,1,8
4/15/2014 0:00,3,1,2
4/15/2014 1:00,3,1,2
4/15/2014 2:00,3,1,2
4/15/2014 3:00,5,0,5
4/15/2014 4:00,0,0,0
4/15/2014 5:00,5,3,2
4/15/2014 6:00,15,13,2
4/15/2014 7:00,38,21,17
4/15/2014 8:00,38,17,21
4/15/2014 9:00,34,23,11
4/15/2014 10:00,26,15,11
4/15/2014 11:00,40,14,26
4/15/2014 12:00,23,3,20
4/15/2014 13:00,30,11,19
4/15/2014 14:00,32,8,24
4/15/2014 15:00,46,7,39
4/15/2014 16:00,84,9,75
4/15/2014 17:00,54,6,48
4/15/2014 18:00,42,9,33
4/15/2014 19:00,31,3,28
4/15/2014 20:00,19,1,18
4/15/2014 21:00,23,5,18
4/15/2014 22:00,9,0,9
4/15/2014 23:00,9,1,8
4/16/2014 0:00,4,1,3
4/16/2014 1:00,2,0,2
4/16/2014 2:00,4,0,4
4/16/2014 3:00,2,0,2
4/16/2014 4:00,0,0,0
4/16/2014 5:00,2,2,0
4/16/2014 6:00,3,2,1
4/16/2014 7:00,15,11,4
4/16/2014 8:00,13,6,7
4/16/2014 9:00,16,6,10
4/16/2014 10:00,17,6,11
4/16/2014 11:00,29,9,20
4/16/2014 12:00,22,9,13
4/16/2014 13:00,24,9,15
4/16/2014 14:00,20,8,12
4/16/2014 15:00,26,7,19
4/16/2014 16:00,38,8,30
4/16/2014 17:00,30,6,24
4/16/2014 18:00,37,9,28
4/16/2014 19:00,19,5,14
4/16/2014 20:00,23,6,17
4/16/2014 21:00,15,3,12
4/16/2014 22:00,4,1,3
4/16/2014 23:00,4,0,4
4/17/2014 0:00,6,2,4
4/17/2014 1:00,0,0,0
4/17/2014 2:00,1,1,0
4/17/2014 3:00,2,2,0
4/17/2014 4:00,1,1,0
4/17/2014 5:00,1,1,0
4/17/2014 6:00,8,8,0
4/17/2014 7:00,6,2,4
4/17/2014 8:00,40,14,26
4/17/2014 9:00,19,6,13
4/17/2014 10:00,18,5,13
4/17/2014 11:00,16,6,10
4/17/2014 12:00,29,4,25
4/17/2014 13:00,17,3,14
4/17/2014 14:00,27,4,23
4/17/2014 15:00,26,5,21
4/17/2014 16:00,32,10,22
4/17/2014 17:00,30,3,27
4/17/2014 18:00,38,7,31
4/17/2014 19:00,29,4,25
4/17/2014 20:00,18,4,14
4/17/2014 21:00,6,2,4
4/17/2014 22:00,9,0,9
4/17/2014 23:00,5,0,5
4/18/2014 0:00,2,0,2
4/18/2014 1:00,0,0,0
4/18/2014 2:00,0,0,0
4/18/2014 3:00,0,0,0
4/18/2014 4:00,0,0,0
4/18/2014 5:00,5,2,3
4/18/2014 6:00,7,6,1
4/18/2014 7:00,19,10,9
4/18/2014 8:00,26,12,14
4/18/2014 9:00,18,3,15
4/18/2014 10:00,18,7,11
4/18/2014 11:00,31,10,21
4/18/2014 12:00,39,7,32
4/18/2014 13:00,37,3,34
4/18/2014 14:00,42,6,36
4/18/2014 15:00,43,5,38
4/18/2014 16:00,61,7,54
4/18/2014 17:00,83,7,76
4/18/2014 18:00,41,2,39
4/18/2014 19:00,31,4,27
4/18/2014 20:00,22,1,21
4/18/2014 21:00,27,6,21
4/18/2014 22:00,7,3,4
4/18/2014 23:00,8,2,6
4/19/2014 0:00,3,0,3
4/19/2014 1:00,2,0,2
4/19/2014 2:00,3,0,3
4/19/2014 3:00,0,0,0
4/19/2014 4:00,0,0,0
4/19/2014 5:00,1,1,0
4/19/2014 6:00,2,2,0
4/19/2014 7:00,3,0,3
4/19/2014 8:00,14,4,10
4/19/2014 9:00,16,3,13
4/19/2014 10:00,24,6,18
4/19/2014 11:00,24,5,19
4/19/2014 12:00,24,2,22
4/19/2014 13:00,48,4,44
4/19/2014 14:00,40,4,36
4/19/2014 15:00,26,3,23
4/19/2014 16:00,22,2,20
4/19/2014 17:00,19,3,16
4/19/2014 18:00,29,4,25
4/19/2014 19:00,8,3,5
4/19/2014 20:00,16,2,14
4/19/2014 21:00,8,2,6
4/19/2014 22:00,4,1,3
4/19/2014 23:00,4,0,4
4/20/2014 0:00,0,0,0
4/20/2014 1:00,4,1,3
4/20/2014 2:00,2,0,2
4/20/2014 3:00,2,0,2
4/20/2014 4:00,0,0,0
4/20/2014 5:00,0,0,0
4/20/2014 6:00,3,1,2
4/20/2014 7:00,7,3,4
4/20/2014 8:00,7,5,2
4/20/2014 9:00,7,0,7
4/20/2014 10:00,17,7,10
4/20/2014 11:00,30,8,22
4/20/2014 12:00,33,11,22
4/20/2014 13:00,43,4,39
4/20/2014 14:00,26,2,24
4/20/2014 15:00,46,9,37
4/20/2014 16:00,38,7,31
4/20/2014 17:00,23,2,21
4/20/2014 18:00,11,2,9
4/20/2014 19:00,17,2,15
4/20/2014 20:00,13,1,12
4/20/2014 21:00,10,2,8
4/20/2014 22:00,9,2,7
4/20/2014 23:00,0,0,0
4/21/2014 0:00,1,1,0
4/21/2014 1:00,3,1,2
4/21/2014 2:00,2,0,2
4/21/2014 3:00,2,0,2
4/21/2014 4:00,0,0,0
4/21/2014 5:00,1,1,0
4/21/2014 6:00,14,14,0
4/21/2014 7:00,25,13,12
4/21/2014 8:00,23,8,15
4/21/2014 9:00,30,12,18
4/21/2014 10:00,6,1,5
4/21/2014 11:00,18,2,16
4/21/2014 12:00,25,5,20
4/21/2014 13:00,54,3,51
4/21/2014 14:00,60,4,56
4/21/2014 15:00,51,13,38
4/21/2014 16:00,72,11,61
4/21/2014 17:00,81,16,65
4/21/2014 18:00,39,8,31
4/21/2014 19:00,22,0,22
4/21/2014 20:00,29,2,27
4/21/2014 21:00,13,2,11
4/21/2014 22:00,6,2,4
4/21/2014 23:00,8,0,8
4/22/2014 0:00,3,2,1
4/22/2014 1:00,2,0,2
4/22/2014 2:00,2,0,2
4/22/2014 3:00,4,0,4
4/22/2014 4:00,2,0,2
4/22/2014 5:00,1,1,0
4/22/2014 6:00,13,11,2
4/22/2014 7:00,27,11,16
4/22/2014 8:00,45,16,29
4/22/2014 9:00,37,16,21
4/22/2014 10:00,21,5,16
4/22/2014 11:00,14,3,11
4/22/2014 12:00,35,7,28
4/22/2014 13:00,27,6,21
4/22/2014 14:00,30,7,23
4/22/2014 15:00,32,12,20
4/22/2014 16:00,43,12,31
4/22/2014 17:00,90,13,77
4/22/2014 18:00,53,9,44
4/22/2014 19:00,55,5,50
4/22/2014 20:00,26,4,22
4/22/2014 21:00,13,2,11
4/22/2014 22:00,9,0,9
4/22/2014 23:00,3,0,3
4/23/2014 0:00,2,0,2
4/23/2014 1:00,3,1,2
4/23/2014 2:00,0,0,0
4/23/2014 3:00,2,0,2
4/23/2014 4:00,0,0,0
4/23/2014 5:00,5,5,0
4/23/2014 6:00,8,6,2
4/23/2014 7:00,31,22,9
4/23/2014 8:00,50,30,20
4/23/2014 9:00,24,6,18
4/23/2014 10:00,17,2,15
4/23/2014 11:00,26,3,23
4/23/2014 12:00,13,7,6
4/23/2014 13:00,25,5,20
4/23/2014 14:00,25,8,17
4/23/2014 15:00,29,11,18
4/23/2014 16:00,47,12,35
4/23/2014 17:00,64,5,59
4/23/2014 18:00,31,5,26
4/23/2014 19:00,31,9,22
4/23/2014 20:00,31,4,27
4/23/2014 21:00,11,0,11
4/23/2014 22:00,4,2,2
4/23/2014 23:00,6,0,6
4/24/2014 0:00,4,2,2
4/24/2014 1:00,2,0,2
4/24/2014 2:00,0,0,0
4/24/2014 3:00,0,0,0
4/24/2014 4:00,0,0,0
4/24/2014 5:00,5,3,2
4/24/2014 6:00,3,3,0
4/24/2014 7:00,15,8,7
4/24/2014 8:00,31,14,17
4/24/2014 9:00,25,8,17
4/24/2014 10:00,19,5,14
4/24/2014 11:00,16,1,15
4/24/2014 12:00,17,6,11
4/24/2014 13:00,27,6,21
4/24/2014 14:00,32,4,28
4/24/2014 15:00,25,11,14
4/24/2014 16:00,43,21,22
4/24/2014 17:00,174,19,155
4/24/2014 18:00,121,9,112
4/24/2014 19:00,40,8,32
4/24/2014 20:00,20,6,14
4/24/2014 21:00,10,2,8
4/24/2014 22:00,8,2,6
4/24/2014 23:00,1,0,1
4/25/2014 0:00,3,1,2
4/25/2014 1:00,2,0,2
4/25/2014 2:00,1,1,0
4/25/2014 3:00,3,1,2
4/25/2014 4:00,2,1,1
4/25/2014 5:00,0,0,0
4/25/2014 6:00,8,8,0
4/25/2014 7:00,24,11,13
4/25/2014 8:00,31,11,20
4/25/2014 9:00,25,8,17
4/25/2014 10:00,11,6,5
4/25/2014 11:00,16,3,13
4/25/2014 12:00,29,6,23
4/25/2014 13:00,23,6,17
4/25/2014 14:00,44,8,36
4/25/2014 15:00,50,14,36
4/25/2014 16:00,59,19,40
4/25/2014 17:00,74,14,60
4/25/2014 18:00,43,3,40
4/25/2014 19:00,65,8,57
4/25/2014 20:00,36,3,33
4/25/2014 21:00,24,6,18
4/25/2014 22:00,18,0,18
4/25/2014 23:00,14,3,11
4/26/2014 0:00,9,1,8
4/26/2014 1:00,4,0,4
4/26/2014 2:00,5,1,4
4/26/2014 3:00,2,0,2
4/26/2014 4:00,0,0,0
4/26/2014 5:00,2,2,0
4/26/2014 6:00,0,0,0
4/26/2014 7:00,9,4,5
4/26/2014 8:00,11,1,10
4/26/2014 9:00,16,5,11
4/26/2014 10:00,40,6,34
4/26/2014 11:00,74,10,64
4/26/2014 12:00,59,7,52
4/26/2014 13:00,72,6,66
4/26/2014 14:00,73,4,69
4/26/2014 15:00,35,4,31
4/26/2014 16:00,48,4,44
4/26/2014 17:00,19,6,13
4/26/2014 18:00,44,7,37
4/26/2014 19:00,35,6,29
4/26/2014 20:00,9,1,8
4/26/2014 21:00,6,2,4
4/26/2014 22:00,21,2,19
4/26/2014 23:00,15,3,12
4/27/2014 0:00,8,0,8
4/27/2014 1:00,0,0,0
4/27/2014 2:00,0,0,0
4/27/2014 3:00,2,0,2
4/27/2014 4:00,0,0,0
4/27/2014 5:00,2,0,2
4/27/2014 6:00,0,0,0
4/27/2014 7:00,4,2,2
4/27/2014 8:00,7,3,4
4/27/2014 9:00,9,5,4
4/27/2014 10:00,16,9,7
4/27/2014 11:00,23,2,21
4/27/2014 12:00,31,3,28
4/27/2014 13:00,48,8,40
4/27/2014 14:00,31,3,28
4/27/2014 15:00,43,6,37
4/27/2014 16:00,27,3,24
4/27/2014 17:00,25,2,23
4/27/2014 18:00,14,1,13
4/27/2014 19:00,19,6,13
4/27/2014 20:00,17,1,16
4/27/2014 21:00,14,3,11
4/27/2014 22:00,12,2,10
4/27/2014 23:00,3,1,2
4/28/2014 0:00,0,0,0
4/28/2014 1:00,0,0,0
4/28/2014 2:00,0,0,0
4/28/2014 3:00,0,0,0
4/28/2014 4:00,1,1,0
4/28/2014 5:00,6,4,2
4/28/2014 6:00,10,8,2
4/28/2014 7:00,30,19,11
4/28/2014 8:00,23,7,16
4/28/2014 9:00,44,27,17
4/28/2014 10:00,14,3,11
4/28/2014 11:00,25,2,23
4/28/2014 12:00,23,6,17
4/28/2014 13:00,51,4,47
4/28/2014 14:00,69,7,62
4/28/2014 15:00,65,3,62
4/28/2014 16:00,71,12,59
4/28/2014 17:00,82,6,76
4/28/2014 18:00,73,19,54
4/28/2014 19:00,51,13,38
4/28/2014 20:00,44,1,43
4/28/2014 21:00,15,0,15
4/28/2014 22:00,5,1,4
4/28/2014 23:00,8,0,8
4/29/2014 0:00,4,0,4
4/29/2014 1:00,0,0,0
4/29/2014 2:00,0,0,0
4/29/2014 3:00,0,0,0
4/29/2014 4:00,0,0,0
4/29/2014 5:00,3,1,2
4/29/2014 6:00,16,13,3
4/29/2014 7:00,44,20,24
4/29/2014 8:00,32,9,23
4/29/2014 9:00,50,21,29
4/29/2014 10:00,20,4,16
4/29/2014 11:00,25,6,19
4/29/2014 12:00,39,18,21
4/29/2014 13:00,50,6,44
4/29/2014 14:00,36,6,30
4/29/2014 15:00,67,8,59
4/29/2014 16:00,124,28,96
4/29/2014 17:00,187,17,170
4/29/2014 18:00,82,11,71
4/29/2014 19:00,72,11,61
4/29/2014 20:00,18,1,17
4/29/2014 21:00,19,1,18
4/29/2014 22:00,23,7,16
4/29/2014 23:00,5,1,4
4/30/2014 0:00,2,2,0
4/30/2014 1:00,3,1,2
4/30/2014 2:00,0,0,0
4/30/2014 3:00,1,1,0
4/30/2014 4:00,3,3,0
4/30/2014 5:00,0,0,0
4/30/2014 6:00,12,8,4
4/30/2014 7:00,48,38,10
4/30/2014 8:00,37,14,23
4/30/2014 9:00,34,14,20
4/30/2014 10:00,17,4,13
4/30/2014 11:00,32,5,27
4/30/2014 12:00,46,9,37
4/30/2014 13:00,21,7,14
4/30/2014 14:00,46,7,39
4/30/2014 15:00,40,13,27
4/30/2014 16:00,96,21,75
4/30/2014 17:00,117,25,92
4/30/2014 18:00,112,18,94
4/30/2014 19:00,45,7,38
4/30/2014 20:00,33,8,25
4/30/2014 21:00,33,5,28
4/30/2014 22:00,10,0,10
4/30/2014 23:00,8,2,6
5/1/2014 0:00,1,1,0
5/1/2014 1:00,2,0,2
5/1/2014 2:00,0,0,0
5/1/2014 3:00,2,1,1
5/1/2014 4:00,1,1,0
5/1/2014 5:00,4,2,2
5/1/2014 6:00,15,11,4
5/1/2014 7:00,42,21,21
5/1/2014 8:00,34,13,21
5/1/2014 9:00,49,25,24
5/1/2014 10:00,22,4,18
5/1/2014 11:00,20,4,16
5/1/2014 12:00,29,6,23
5/1/2014 13:00,22,3,19
5/1/2014 14:00,49,3,46
5/1/2014 15:00,42,12,30
5/1/2014 16:00,60,18,42
5/1/2014 17:00,113,12,101
5/1/2014 18:00,103,2,101
5/1/2014 19:00,55,2,53
5/1/2014 20:00,34,7,27
5/1/2014 21:00,14,1,13
5/1/2014 22:00,15,0,15
5/1/2014 23:00,5,1,4
5/2/2014 0:00,5,0,5
5/2/2014 1:00,4,0,4
5/2/2014 2:00,1,0,1
5/2/2014 3:00,3,0,3
5/2/2014 4:00,0,0,0
5/2/2014 5:00,3,3,0
5/2/2014 6:00,5,5,0
5/2/2014 7:00,31,19,12
5/2/2014 8:00,33,19,14
5/2/2014 9:00,12,8,4
5/2/2014 10:00,17,4,13
5/2/2014 11:00,10,0,10
5/2/2014 12:00,19,5,14
5/2/2014 13:00,41,11,30
5/2/2014 14:00,22,5,17
5/2/2014 15:00,36,7,29
5/2/2014 16:00,59,8,51
5/2/2014 17:00,66,5,61
5/2/2014 18:00,43,4,39
5/2/2014 19:00,35,1,34
5/2/2014 20:00,36,3,33
5/2/2014 21:00,25,5,20
5/2/2014 22:00,29,4,25
5/2/2014 23:00,18,2,16
5/3/2014 0:00,14,0,14
5/3/2014 1:00,4,0,4
5/3/2014 2:00,8,0,8
5/3/2014 3:00,4,0,4
5/3/2014 4:00,0,0,0
5/3/2014 5:00,2,0,2
5/3/2014 6:00,3,1,2
5/3/2014 7:00,4,0,4
5/3/2014 8:00,12,1,11
5/3/2014 9:00,23,3,20
5/3/2014 10:00,58,4,54
5/3/2014 11:00,80,3,77
5/3/2014 12:00,56,5,51
5/3/2014 13:00,26,4,22
5/3/2014 14:00,19,6,13
5/3/2014 15:00,16,2,14
5/3/2014 16:00,14,2,12
5/3/2014 17:00,8,1,7
5/3/2014 18:00,19,1,18
5/3/2014 19:00,47,2,45
5/3/2014 20:00,27,1,26
5/3/2014 21:00,30,3,27
5/3/2014 22:00,16,0,16
5/3/2014 23:00,12,1,11
5/4/2014 0:00,5,1,4
5/4/2014 1:00,10,1,9
5/4/2014 2:00,8,0,8
5/4/2014 3:00,2,0,2
5/4/2014 4:00,1,1,0
5/4/2014 5:00,0,0,0
5/4/2014 6:00,4,0,4
5/4/2014 7:00,6,0,6
5/4/2014 8:00,11,3,8
5/4/2014 9:00,13,0,13
5/4/2014 10:00,40,5,35
5/4/2014 11:00,53,7,46
5/4/2014 12:00,59,1,58
5/4/2014 13:00,37,2,35
5/4/2014 14:00,22,4,18
5/4/2014 15:00,18,2,16
5/4/2014 16:00,42,2,40
5/4/2014 17:00,25,2,23
5/4/2014 18:00,36,3,33
5/4/2014 19:00,39,2,37
5/4/2014 20:00,24,2,22
5/4/2014 21:00,6,2,4
5/4/2014 22:00,10,0,10
5/4/2014 23:00,14,2,12
5/5/2014 0:00,4,0,4
5/5/2014 1:00,4,0,4
5/5/2014 2:00,3,1,2
5/5/2014 3:00,0,0,0
5/5/2014 4:00,0,0,0
5/5/2014 5:00,3,1,2
5/5/2014 6:00,9,8,1
5/5/2014 7:00,24,11,13
5/5/2014 8:00,40,8,32
5/5/2014 9:00,31,7,24
5/5/2014 10:00,24,8,16
5/5/2014 11:00,12,0,12
5/5/2014 12:00,29,4,25
5/5/2014 13:00,26,1,25
5/5/2014 14:00,21,2,19
5/5/2014 15:00,47,6,41
5/5/2014 16:00,46,7,39
5/5/2014 17:00,92,6,86
5/5/2014 18:00,45,3,42
5/5/2014 19:00,46,4,42
5/5/2014 20:00,31,3,28
5/5/2014 21:00,15,2,13
5/5/2014 22:00,9,2,7
5/5/2014 23:00,4,0,4
5/6/2014 0:00,4,0,4
5/6/2014 1:00,1,1,0
5/6/2014 2:00,2,0,2
5/6/2014 3:00,2,0,2
5/6/2014 4:00,1,1,0
5/6/2014 5:00,4,2,2
5/6/2014 6:00,23,14,9
5/6/2014 7:00,28,13,15
5/6/2014 8:00,21,8,13
5/6/2014 9:00,45,12,33
5/6/2014 10:00,27,3,24
5/6/2014 11:00,7,3,4
5/6/2014 12:00,41,8,33
5/6/2014 13:00,31,7,24
5/6/2014 14:00,24,5,19
5/6/2014 15:00,20,6,14
5/6/2014 16:00,66,9,57
5/6/2014 17:00,90,8,82
5/6/2014 18:00,62,6,56
5/6/2014 19:00,55,9,46
5/6/2014 20:00,26,5,21
5/6/2014 21:00,9,3,6
5/6/2014 22:00,7,0,7
5/6/2014 23:00,2,0,2
5/7/2014 0:00,8,0,8
5/7/2014 1:00,2,0,2
5/7/2014 2:00,0,0,0
5/7/2014 3:00,3,0,3
5/7/2014 4:00,2,2,0
5/7/2014 5:00,1,1,0
5/7/2014 6:00,12,9,3
5/7/2014 7:00,40,27,13
5/7/2014 8:00,28,12,16
5/7/2014 9:00,46,18,28
5/7/2014 10:00,17,4,13
5/7/2014 11:00,25,7,18
5/7/2014 12:00,29,8,21
5/7/2014 13:00,22,2,20
5/7/2014 14:00,44,10,34
5/7/2014 15:00,79,6,73
5/7/2014 16:00,97,18,79
5/7/2014 17:00,174,7,167
5/7/2014 18:00,101,12,89
5/7/2014 19:00,60,9,51
5/7/2014 20:00,59,3,56
5/7/2014 21:00,27,3,24
5/7/2014 22:00,24,0,24
5/7/2014 23:00,4,1,3
5/8/2014 0:00,0,0,0
5/8/2014 1:00,7,0,7
5/8/2014 2:00,2,0,2
5/8/2014 3:00,0,0,0
5/8/2014 4:00,3,1,2
5/8/2014 5:00,3,3,0
5/8/2014 6:00,17,13,4
5/8/2014 7:00,35,17,18
5/8/2014 8:00,30,6,24
5/8/2014 9:00,22,9,13
5/8/2014 10:00,21,2,19
5/8/2014 11:00,21,5,16
5/8/2014 12:00,20,5,15
5/8/2014 13:00,34,3,31
5/8/2014 14:00,58,18,40
5/8/2014 15:00,45,9,36
5/8/2014 16:00,76,19,57
5/8/2014 17:00,76,7,69
5/8/2014 18:00,42,3,39
5/8/2014 19:00,33,8,25
5/8/2014 20:00,22,4,18
5/8/2014 21:00,15,1,14
5/8/2014 22:00,9,1,8
5/8/2014 23:00,5,0,5
5/9/2014 0:00,1,0,1
5/9/2014 1:00,0,0,0
5/9/2014 2:00,0,0,0
5/9/2014 3:00,0,0,0
5/9/2014 4:00,0,0,0
5/9/2014 5:00,6,2,4
5/9/2014 6:00,7,3,4
5/9/2014 7:00,20,11,9
5/9/2014 8:00,28,9,19
5/9/2014 9:00,18,7,11
5/9/2014 10:00,25,4,21
5/9/2014 11:00,27,3,24
5/9/2014 12:00,25,5,20
5/9/2014 13:00,29,3,26
5/9/2014 14:00,28,3,25
5/9/2014 15:00,45,8,37
5/9/2014 16:00,40,8,32
5/9/2014 17:00,49,6,43
5/9/2014 18:00,30,3,27
5/9/2014 19:00,26,3,23
5/9/2014 20:00,28,1,27
5/9/2014 21:00,6,1,5
5/9/2014 22:00,12,1,11
5/9/2014 23:00,7,1,6
5/10/2014 0:00,4,1,3
5/10/2014 1:00,4,0,4
5/10/2014 2:00,5,2,3
5/10/2014 3:00,2,0,2
5/10/2014 4:00,1,1,0
5/10/2014 5:00,0,0,0
5/10/2014 6:00,8,3,5
5/10/2014 7:00,7,1,6
5/10/2014 8:00,13,4,9
5/10/2014 9:00,13,2,11
5/10/2014 10:00,46,6,40
5/10/2014 11:00,57,11,46
5/10/2014 12:00,65,8,57
5/10/2014 13:00,36,6,30
5/10/2014 14:00,37,10,27
5/10/2014 15:00,45,7,38
5/10/2014 16:00,36,4,32
5/10/2014 17:00,33,1,32
5/10/2014 18:00,23,1,22
5/10/2014 19:00,29,8,21
5/10/2014 20:00,28,4,24
5/10/2014 21:00,22,2,20
5/10/2014 22:00,6,0,6
5/10/2014 23:00,12,1,11
5/11/2014 0:00,9,0,9
5/11/2014 1:00,1,1,0
5/11/2014 2:00,3,1,2
5/11/2014 3:00,1,0,1
5/11/2014 4:00,1,1,0
5/11/2014 5:00,5,0,5
5/11/2014 6:00,3,3,0
5/11/2014 7:00,8,4,4
5/11/2014 8:00,8,4,4
5/11/2014 9:00,11,1,10
5/11/2014 10:00,27,12,15
5/11/2014 11:00,19,3,16
5/11/2014 12:00,21,5,16
5/11/2014 13:00,29,9,20
5/11/2014 14:00,40,5,35
5/11/2014 15:00,32,3,29
5/11/2014 16:00,30,3,27
5/11/2014 17:00,29,3,26
5/11/2014 18:00,35,7,28
5/11/2014 19:00,33,7,26
5/11/2014 20:00,28,0,28
5/11/2014 21:00,17,3,14
5/11/2014 22:00,4,0,4
5/11/2014 23:00,4,0,4
5/12/2014 0:00,3,0,3
5/12/2014 1:00,0,0,0
5/12/2014 2:00,0,0,0
5/12/2014 3:00,0,0,0
5/12/2014 4:00,2,2,0
5/12/2014 5:00,6,2,4
5/12/2014 6:00,9,5,4
5/12/2014 7:00,49,33,16
5/12/2014 8:00,33,13,20
5/12/2014 9:00,30,11,19
5/12/2014 10:00,24,8,16
5/12/2014 11:00,55,7,48
5/12/2014 12:00,51,5,46
5/12/2014 13:00,29,3,26
5/12/2014 14:00,18,1,17
5/12/2014 15:00,64,8,56
5/12/2014 16:00,134,19,115
5/12/2014 17:00,128,11,117
5/12/2014 18:00,81,12,69
5/12/2014 19:00,44,6,38
5/12/2014 20:00,36,12,24
5/12/2014 21:00,22,1,21
5/12/2014 22:00,12,1,11
5/12/2014 23:00,12,0,12
5/13/2014 0:00,0,0,0
5/13/2014 1:00,2,0,2
5/13/2014 2:00,0,0,0
5/13/2014 3:00,0,0,0
5/13/2014 4:00,1,1,0
5/13/2014 5:00,6,3,3
5/13/2014 6:00,18,10,8
5/13/2014 7:00,47,26,21
5/13/2014 8:00,41,22,19
5/13/2014 9:00,53,21,32
5/13/2014 10:00,25,2,23
5/13/2014 11:00,16,8,8
5/13/2014 12:00,29,11,18
5/13/2014 13:00,41,7,34
5/13/2014 14:00,61,3,58
5/13/2014 15:00,80,21,59
5/13/2014 16:00,128,25,103
5/13/2014 17:00,169,13,156
5/13/2014 18:00,124,8,116
5/13/2014 19:00,45,5,40
5/13/2014 20:00,36,3,33
5/13/2014 21:00,24,7,17
5/13/2014 22:00,15,1,14
5/13/2014 23:00,4,0,4
5/14/2014 0:00,14,4,10
5/14/2014 1:00,0,0,0
5/14/2014 2:00,1,1,0
5/14/2014 3:00,0,0,0
5/14/2014 4:00,2,2,0
5/14/2014 5:00,4,2,2
5/14/2014 6:00,19,9,10
5/14/2014 7:00,90,50,40
5/14/2014 8:00,103,38,65
5/14/2014 9:00,21,3,18
5/14/2014 10:00,24,9,15
5/14/2014 11:00,40,7,33
5/14/2014 12:00,39,8,31
5/14/2014 13:00,23,7,16
5/14/2014 14:00,21,3,18
5/14/2014 15:00,26,10,16
5/14/2014 16:00,110,15,95
5/14/2014 17:00,132,13,119
5/14/2014 18:00,126,17,109
5/14/2014 19:00,88,3,85
5/14/2014 20:00,28,5,23
5/14/2014 21:00,26,8,18
5/14/2014 22:00,12,2,10
5/14/2014 23:00,8,0,8
5/15/2014 0:00,2,0,2
5/15/2014 1:00,3,1,2
5/15/2014 2:00,2,0,2
5/15/2014 3:00,0,0,0
5/15/2014 4:00,4,4,0
5/15/2014 5:00,2,1,1
5/15/2014 6:00,15,11,4
5/15/2014 7:00,34,22,12
5/15/2014 8:00,35,20,15
5/15/2014 9:00,35,12,23
5/15/2014 10:00,15,4,11
5/15/2014 11:00,39,5,34
5/15/2014 12:00,38,9,29
5/15/2014 13:00,33,12,21
5/15/2014 14:00,65,14,51
5/15/2014 15:00,88,11,77
5/15/2014 16:00,83,16,67
5/15/2014 17:00,64,22,42
5/15/2014 18:00,44,8,36
5/15/2014 19:00,42,7,35
5/15/2014 20:00,23,7,16
5/15/2014 21:00,12,1,11
5/15/2014 22:00,18,3,15
5/15/2014 23:00,8,0,8
5/16/2014 0:00,0,0,0
5/16/2014 1:00,0,0,0
5/16/2014 2:00,2,0,2
5/16/2014 3:00,0,0,0
5/16/2014 4:00,0,0,0
5/16/2014 5:00,6,4,2
5/16/2014 6:00,7,5,2
5/16/2014 7:00,34,20,14
5/16/2014 8:00,35,18,17
5/16/2014 9:00,27,13,14
5/16/2014 10:00,22,5,17
5/16/2014 11:00,32,5,27
5/16/2014 12:00,27,4,23
5/16/2014 13:00,26,6,20
5/16/2014 14:00,63,12,51
5/16/2014 15:00,25,3,22
5/16/2014 16:00,33,4,29
5/16/2014 17:00,42,7,35
5/16/2014 18:00,38,4,34
5/16/2014 19:00,34,3,31
5/16/2014 20:00,18,2,16
5/16/2014 21:00,13,1,12
5/16/2014 22:00,12,2,10
5/16/2014 23:00,13,2,11
5/17/2014 0:00,2,1,1
5/17/2014 1:00,3,1,2
5/17/2014 2:00,3,1,2
5/17/2014 3:00,0,0,0
5/17/2014 4:00,2,0,2
5/17/2014 5:00,0,0,0
5/17/2014 6:00,4,1,3
5/17/2014 7:00,6,1,5
5/17/2014 8:00,24,5,19
5/17/2014 9:00,20,5,15
5/17/2014 10:00,33,3,30
5/17/2014 11:00,81,6,75
5/17/2014 12:00,70,7,63
5/17/2014 13:00,30,10,20
5/17/2014 14:00,29,4,25
5/17/2014 15:00,49,7,42
5/17/2014 16:00,26,4,22
5/17/2014 17:00,33,8,25
5/17/2014 18:00,33,8,25
5/17/2014 19:00,23,7,16
5/17/2014 20:00,40,4,36
5/17/2014 21:00,27,0,27
5/17/2014 22:00,8,5,3
5/17/2014 23:00,6,0,6
5/18/2014 0:00,3,2,1
5/18/2014 1:00,4,2,2
5/18/2014 2:00,2,0,2
5/18/2014 3:00,2,0,2
5/18/2014 4:00,0,0,0
5/18/2014 5:00,2,0,2
5/18/2014 6:00,2,0,2
5/18/2014 7:00,4,2,2
5/18/2014 8:00,4,4,0
5/18/2014 9:00,8,2,6
5/18/2014 10:00,14,2,12
5/18/2014 11:00,25,7,18
5/18/2014 12:00,35,14,21
5/18/2014 13:00,38,5,33
5/18/2014 14:00,34,13,21
5/18/2014 15:00,33,4,29
5/18/2014 16:00,33,2,31
5/18/2014 17:00,29,5,24
5/18/2014 18:00,22,2,20
5/18/2014 19:00,25,3,22
5/18/2014 20:00,16,3,13
5/18/2014 21:00,3,1,2
5/18/2014 22:00,17,0,17
5/18/2014 23:00,4,0,4
5/19/2014 0:00,6,2,4
5/19/2014 1:00,2,0,2
5/19/2014 2:00,2,0,2
5/19/2014 3:00,0,0,0
5/19/2014 4:00,2,2,0
5/19/2014 5:00,1,1,0
5/19/2014 6:00,14,13,1
5/19/2014 7:00,39,22,17
5/19/2014 8:00,32,8,24
5/19/2014 9:00,22,11,11
5/19/2014 10:00,37,9,28
5/19/2014 11:00,29,3,26
5/19/2014 12:00,23,3,20
5/19/2014 13:00,16,3,13
5/19/2014 14:00,24,2,22
5/19/2014 15:00,55,5,50
5/19/2014 16:00,87,8,79
5/19/2014 17:00,153,14,139
5/19/2014 18:00,88,6,82
5/19/2014 19:00,66,5,61
5/19/2014 20:00,27,5,22
5/19/2014 21:00,19,1,18
5/19/2014 22:00,19,2,17
5/19/2014 23:00,6,2,4
5/20/2014 0:00,0,0,0
5/20/2014 1:00,2,0,2
5/20/2014 2:00,2,0,2
5/20/2014 3:00,2,0,2
5/20/2014 4:00,3,1,2
5/20/2014 5:00,5,1,4
5/20/2014 6:00,18,12,6
5/20/2014 7:00,52,22,30
5/20/2014 8:00,58,14,44
5/20/2014 9:00,51,12,39
5/20/2014 10:00,54,4,50
5/20/2014 11:00,35,4,31
5/20/2014 12:00,36,4,32
5/20/2014 13:00,49,9,40
5/20/2014 14:00,46,12,34
5/20/2014 15:00,34,9,25
5/20/2014 16:00,79,11,68
5/20/2014 17:00,116,13,103
5/20/2014 18:00,80,6,74
5/20/2014 19:00,41,3,38
5/20/2014 20:00,30,4,26
5/20/2014 21:00,23,6,17
5/20/2014 22:00,11,0,11
5/20/2014 23:00,4,0,4
5/21/2014 0:00,7,1,6
5/21/2014 1:00,0,0,0
5/21/2014 2:00,0,0,0
5/21/2014 3:00,0,0,0
5/21/2014 4:00,3,3,0
5/21/2014 5:00,2,2,0
5/21/2014 6:00,14,8,6
5/21/2014 7:00,47,32,15
5/21/2014 8:00,46,15,31
5/21/2014 9:00,31,10,21
5/21/2014 10:00,23,5,18
5/21/2014 11:00,34,4,30
5/21/2014 12:00,34,4,30
5/21/2014 13:00,46,7,39
5/21/2014 14:00,71,4,67
5/21/2014 15:00,68,4,64
5/21/2014 16:00,83,6,77
5/21/2014 17:00,83,10,73
5/21/2014 18:00,77,5,72
5/21/2014 19:00,73,12,61
5/21/2014 20:00,29,6,23
5/21/2014 21:00,46,8,38
5/21/2014 22:00,24,3,21
5/21/2014 23:00,8,0,8
5/22/2014 0:00,3,1,2
5/22/2014 1:00,3,1,2
5/22/2014 2:00,2,2,0
5/22/2014 3:00,2,0,2
5/22/2014 4:00,4,4,0
5/22/2014 5:00,3,1,2
5/22/2014 6:00,11,11,0
5/22/2014 7:00,30,18,12
5/22/2014 8:00,32,15,17
5/22/2014 9:00,41,11,30
5/22/2014 10:00,39,9,30
5/22/2014 11:00,31,6,25
5/22/2014 12:00,27,6,21
5/22/2014 13:00,19,5,14
5/22/2014 14:00,30,5,25
5/22/2014 15:00,53,8,45
5/22/2014 16:00,49,9,40
5/22/2014 17:00,93,5,88
5/22/2014 18:00,58,12,46
5/22/2014 19:00,33,4,29
5/22/2014 20:00,32,8,24
5/22/2014 21:00,28,3,25
5/22/2014 22:00,15,3,12
5/22/2014 23:00,10,1,9
5/23/2014 0:00,2,0,2
5/23/2014 1:00,0,0,0
5/23/2014 2:00,3,0,3
5/23/2014 3:00,0,0,0
5/23/2014 4:00,1,1,0
5/23/2014 5:00,4,0,4
5/23/2014 6:00,11,6,5
5/23/2014 7:00,23,8,15
5/23/2014 8:00,28,8,20
5/23/2014 9:00,34,10,24
5/23/2014 10:00,17,8,9
5/23/2014 11:00,24,5,19
5/23/2014 12:00,19,0,19
5/23/2014 13:00,14,4,10
5/23/2014 14:00,28,5,23
5/23/2014 15:00,44,10,34
5/23/2014 16:00,39,6,33
5/23/2014 17:00,39,7,32
5/23/2014 18:00,36,5,31
5/23/2014 19:00,18,8,10
5/23/2014 20:00,6,1,5
5/23/2014 21:00,7,2,5
5/23/2014 22:00,12,2,10
5/23/2014 23:00,4,0,4
5/24/2014 0:00,4,0,4
5/24/2014 1:00,2,0,2
5/24/2014 2:00,2,0,2
5/24/2014 3:00,0,0,0
5/24/2014 4:00,0,0,0
5/24/2014 5:00,1,0,1
5/24/2014 6:00,0,0,0
5/24/2014 7:00,10,5,5
5/24/2014 8:00,4,2,2
5/24/2014 9:00,21,9,12
5/24/2014 10:00,46,7,39
5/24/2014 11:00,31,1,30
5/24/2014 12:00,38,5,33
5/24/2014 13:00,52,6,46
5/24/2014 14:00,41,6,35
5/24/2014 15:00,68,16,52
5/24/2014 16:00,18,2,16
5/24/2014 17:00,39,10,29
5/24/2014 18:00,24,4,20
5/24/2014 19:00,15,3,12
5/24/2014 20:00,12,1,11
5/24/2014 21:00,17,6,11
5/24/2014 22:00,14,0,14
5/24/2014 23:00,8,2,6
5/25/2014 0:00,7,1,6
5/25/2014 1:00,4,1,3
5/25/2014 2:00,12,2,10
5/25/2014 3:00,0,0,0
5/25/2014 4:00,0,0,0
5/25/2014 5:00,0,0,0
5/25/2014 6:00,6,5,1
5/25/2014 7:00,5,0,5
5/25/2014 8:00,1,1,0
5/25/2014 9:00,26,8,18
5/25/2014 10:00,18,6,12
5/25/2014 11:00,25,5,20
5/25/2014 12:00,28,4,24
5/25/2014 13:00,17,5,12
5/25/2014 14:00,17,2,15
5/25/2014 15:00,24,7,17
5/25/2014 16:00,35,7,28
5/25/2014 17:00,11,1,10
5/25/2014 18:00,25,8,17
5/25/2014 19:00,22,7,15
5/25/2014 20:00,17,1,16
5/25/2014 21:00,14,2,12
5/25/2014 22:00,9,2,7
5/25/2014 23:00,10,0,10
5/26/2014 0:00,3,0,3
5/26/2014 1:00,2,0,2
5/26/2014 2:00,1,1,0
5/26/2014 3:00,2,0,2
5/26/2014 4:00,0,0,0
5/26/2014 5:00,0,0,0
5/26/2014 6:00,3,1,2
5/26/2014 7:00,16,6,10
5/26/2014 8:00,9,1,8
5/26/2014 9:00,21,6,15
5/26/2014 10:00,19,7,12
5/26/2014 11:00,27,7,20
5/26/2014 12:00,42,12,30
5/26/2014 13:00,24,3,21
5/26/2014 14:00,43,8,35
5/26/2014 15:00,76,12,64
5/26/2014 16:00,31,7,24
5/26/2014 17:00,38,5,33
5/26/2014 18:00,22,2,20
5/26/2014 19:00,22,4,18
5/26/2014 20:00,15,1,14
5/26/2014 21:00,17,2,15
5/26/2014 22:00,14,1,13
5/26/2014 23:00,2,0,2
5/27/2014 0:00,0,0,0
5/27/2014 1:00,0,0,0
5/27/2014 2:00,2,0,2
5/27/2014 3:00,0,0,0
5/27/2014 4:00,1,1,0
5/27/2014 5:00,3,1,2
5/27/2014 6:00,12,7,5
5/27/2014 7:00,37,20,17
5/27/2014 8:00,30,12,18
5/27/2014 9:00,28,9,19
5/27/2014 10:00,24,3,21
5/27/2014 11:00,16,4,12
5/27/2014 12:00,43,12,31
5/27/2014 13:00,38,5,33
5/27/2014 14:00,30,3,27
5/27/2014 15:00,63,8,55
5/27/2014 16:00,74,5,69
5/27/2014 17:00,176,17,159
5/27/2014 18:00,63,12,51
5/27/2014 19:00,31,9,22
5/27/2014 20:00,20,2,18
5/27/2014 21:00,6,2,4
5/27/2014 22:00,15,0,15
5/27/2014 23:00,3,1,2
5/28/2014 0:00,4,0,4
5/28/2014 1:00,0,0,0
5/28/2014 2:00,1,1,0
5/28/2014 3:00,0,0,0
5/28/2014 4:00,0,0,0
5/28/2014 5:00,2,2,0
5/28/2014 6:00,10,7,3
5/28/2014 7:00,27,17,10
5/28/2014 8:00,26,15,11
5/28/2014 9:00,13,8,5
5/28/2014 10:00,20,8,12
5/28/2014 11:00,23,2,21
5/28/2014 12:00,24,3,21
5/28/2014 13:00,17,1,16
5/28/2014 14:00,33,15,18
5/28/2014 15:00,43,9,34
5/28/2014 16:00,42,7,35
5/28/2014 17:00,80,12,68
5/28/2014 18:00,47,6,41
5/28/2014 19:00,29,3,26
5/28/2014 20:00,22,4,18
5/28/2014 21:00,12,4,8
5/28/2014 22:00,22,3,19
5/28/2014 23:00,1,1,0
5/29/2014 0:00,6,0,6
5/29/2014 1:00,1,1,0
5/29/2014 2:00,0,0,0
5/29/2014 3:00,0,0,0
5/29/2014 4:00,1,1,0
5/29/2014 5:00,3,3,0
5/29/2014 6:00,13,11,2
5/29/2014 7:00,31,21,10
5/29/2014 8:00,42,21,21
5/29/2014 9:00,24,7,17
5/29/2014 10:00,14,4,10
5/29/2014 11:00,16,9,7
5/29/2014 12:00,30,16,14
5/29/2014 13:00,18,7,11
5/29/2014 14:00,30,3,27
5/29/2014 15:00,30,6,24
5/29/2014 16:00,74,7,67
5/29/2014 17:00,84,11,73
5/29/2014 18:00,89,12,77
5/29/2014 19:00,44,6,38
5/29/2014 20:00,20,0,20
5/29/2014 21:00,28,2,26
5/29/2014 22:00,27,3,24
5/29/2014 23:00,14,0,14
5/30/2014 0:00,16,0,16
5/30/2014 1:00,3,1,2
5/30/2014 2:00,3,1,2
5/30/2014 3:00,2,0,2
5/30/2014 4:00,0,0,0
5/30/2014 5:00,4,0,4
5/30/2014 6:00,15,9,6
5/30/2014 7:00,59,21,38
5/30/2014 8:00,50,9,41
5/30/2014 9:00,72,9,63
5/30/2014 10:00,37,7,30
5/30/2014 11:00,42,5,37
5/30/2014 12:00,55,7,48
5/30/2014 13:00,65,11,54
5/30/2014 14:00,46,3,43
5/30/2014 15:00,52,4,48
5/30/2014 16:00,59,8,51
5/30/2014 17:00,63,8,55
5/30/2014 18:00,88,7,81
5/30/2014 19:00,44,3,41
5/30/2014 20:00,16,5,11
5/30/2014 21:00,21,1,20
5/30/2014 22:00,20,5,15
5/30/2014 23:00,15,3,12
5/31/2014 0:00,7,1,6
5/31/2014 1:00,6,2,4
5/31/2014 2:00,4,0,4
5/31/2014 3:00,0,0,0
5/31/2014 4:00,0,0,0
5/31/2014 5:00,2,2,0
5/31/2014 6:00,6,2,4
5/31/2014 7:00,11,5,6
5/31/2014 8:00,27,9,18
5/31/2014 9:00,25,9,16
5/31/2014 10:00,27,12,15
5/31/2014 11:00,59,5,54
5/31/2014 12:00,51,7,44
5/31/2014 13:00,54,8,46
5/31/2014 14:00,82,8,74
5/31/2014 15:00,57,3,54
5/31/2014 16:00,57,10,47
5/31/2014 17:00,30,6,24
5/31/2014 18:00,23,5,18
5/31/2014 19:00,28,6,22
5/31/2014 20:00,15,1,14
5/31/2014 21:00,11,1,10
5/31/2014 22:00,15,4,11
5/31/2014 23:00,34,6,28
6/1/2014 0:00,8,2,6
6/1/2014 1:00,15,3,12
6/1/2014 2:00,2,0,2
6/1/2014 3:00,3,1,2
6/1/2014 4:00,2,0,2
6/1/2014 5:00,0,0,0
6/1/2014 6:00,1,1,0
6/1/2014 7:00,6,2,4
6/1/2014 8:00,1,1,0
6/1/2014 9:00,12,4,8
6/1/2014 10:00,19,2,17
6/1/2014 11:00,16,3,13
6/1/2014 12:00,40,4,36
6/1/2014 13:00,30,7,23
6/1/2014 14:00,33,9,24
6/1/2014 15:00,35,3,32
6/1/2014 16:00,29,4,25
6/1/2014 17:00,34,6,28
6/1/2014 18:00,34,3,31
6/1/2014 19:00,32,4,28
6/1/2014 20:00,28,9,19
6/1/2014 21:00,12,0,12
6/1/2014 22:00,16,2,14
6/1/2014 23:00,4,0,4
6/2/2014 0:00,4,0,4
6/2/2014 1:00,3,1,2
6/2/2014 2:00,0,0,0
6/2/2014 3:00,0,0,0
6/2/2014 4:00,2,2,0
6/2/2014 5:00,2,2,0
6/2/2014 6:00,3,3,0
6/2/2014 7:00,28,17,11
6/2/2014 8:00,19,9,10
6/2/2014 9:00,20,11,9
6/2/2014 10:00,23,3,20
6/2/2014 11:00,19,10,9
6/2/2014 12:00,23,2,21
6/2/2014 13:00,17,4,13
6/2/2014 14:00,38,5,33
6/2/2014 15:00,45,4,41
6/2/2014 16:00,119,8,111
6/2/2014 17:00,135,18,117
6/2/2014 18:00,71,12,59
6/2/2014 19:00,45,9,36
6/2/2014 20:00,34,2,32
6/2/2014 21:00,22,3,19
6/2/2014 22:00,22,3,19
6/2/2014 23:00,4,0,4
6/3/2014 0:00,6,0,6
6/3/2014 1:00,6,0,6
6/3/2014 2:00,2,0,2
6/3/2014 3:00,0,0,0
6/3/2014 4:00,1,1,0
6/3/2014 5:00,2,2,0
6/3/2014 6:00,22,17,5
6/3/2014 7:00,37,17,20
6/3/2014 8:00,30,11,19
6/3/2014 9:00,26,12,14
6/3/2014 10:00,33,11,22
6/3/2014 11:00,25,7,18
6/3/2014 12:00,38,6,32
6/3/2014 13:00,29,4,25
6/3/2014 14:00,43,8,35
6/3/2014 15:00,49,10,39
6/3/2014 16:00,55,13,42
6/3/2014 17:00,85,7,78
6/3/2014 18:00,53,5,48
6/3/2014 19:00,47,6,41
6/3/2014 20:00,18,3,15
6/3/2014 21:00,15,2,13
6/3/2014 22:00,9,2,7
6/3/2014 23:00,7,2,5
6/4/2014 0:00,9,1,8
6/4/2014 1:00,1,1,0
6/4/2014 2:00,0,0,0
6/4/2014 3:00,0,0,0
6/4/2014 4:00,1,1,0
6/4/2014 5:00,6,4,2
6/4/2014 6:00,6,6,0
6/4/2014 7:00,29,19,10
6/4/2014 8:00,30,9,21
6/4/2014 9:00,23,8,15
6/4/2014 10:00,27,7,20
6/4/2014 11:00,19,3,16
6/4/2014 12:00,33,8,25
6/4/2014 13:00,48,12,36
6/4/2014 14:00,23,8,15
6/4/2014 15:00,27,8,19
6/4/2014 16:00,53,12,41
6/4/2014 17:00,123,11,112
6/4/2014 18:00,72,11,61
6/4/2014 19:00,39,5,34
6/4/2014 20:00,30,3,27
6/4/2014 21:00,20,5,15
6/4/2014 22:00,15,2,13
6/4/2014 23:00,7,1,6
6/5/2014 0:00,4,0,4
6/5/2014 1:00,1,0,1
6/5/2014 2:00,4,0,4
6/5/2014 3:00,0,0,0
6/5/2014 4:00,3,3,0
6/5/2014 5:00,3,3,0
6/5/2014 6:00,15,10,5
6/5/2014 7:00,33,18,15
6/5/2014 8:00,31,12,19
6/5/2014 9:00,27,11,16
6/5/2014 10:00,15,6,9
6/5/2014 11:00,20,5,15
6/5/2014 12:00,33,8,25
6/5/2014 13:00,32,2,30
6/5/2014 14:00,60,4,56
6/5/2014 15:00,50,14,36
6/5/2014 16:00,90,9,81
6/5/2014 17:00,117,14,103
6/5/2014 18:00,72,9,63
6/5/2014 19:00,42,6,36
6/5/2014 20:00,31,3,28
6/5/2014 21:00,24,2,22
6/5/2014 22:00,10,1,9
6/5/2014 23:00,2,0,2
6/6/2014 0:00,7,1,6
6/6/2014 1:00,4,0,4
6/6/2014 2:00,3,0,3
6/6/2014 3:00,2,0,2
6/6/2014 4:00,0,0,0
6/6/2014 5:00,3,2,1
6/6/2014 6:00,9,7,2
6/6/2014 7:00,30,17,13
6/6/2014 8:00,20,12,8
6/6/2014 9:00,33,16,17
6/6/2014 10:00,19,6,13
6/6/2014 11:00,18,2,16
6/6/2014 12:00,30,10,20
6/6/2014 13:00,21,8,13
6/6/2014 14:00,28,5,23
6/6/2014 15:00,29,3,26
6/6/2014 16:00,55,11,44
6/6/2014 17:00,87,10,77
6/6/2014 18:00,59,4,55
6/6/2014 19:00,56,14,42
6/6/2014 20:00,21,4,17
6/6/2014 21:00,34,2,32
6/6/2014 22:00,11,3,8
6/6/2014 23:00,8,2,6
6/7/2014 0:00,3,0,3
6/7/2014 1:00,4,2,2
6/7/2014 2:00,5,0,5
6/7/2014 3:00,0,0,0
6/7/2014 4:00,0,0,0
6/7/2014 5:00,1,1,0
6/7/2014 6:00,0,0,0
6/7/2014 7:00,8,0,8
6/7/2014 8:00,10,4,6
6/7/2014 9:00,24,9,15
6/7/2014 10:00,28,11,17
6/7/2014 11:00,24,5,19
6/7/2014 12:00,30,6,24
6/7/2014 13:00,45,9,36
6/7/2014 14:00,32,5,27
6/7/2014 15:00,31,9,22
6/7/2014 16:00,18,5,13
6/7/2014 17:00,38,8,30
6/7/2014 18:00,30,6,24
6/7/2014 19:00,19,4,15
6/7/2014 20:00,19,4,15
6/7/2014 21:00,11,1,10
6/7/2014 22:00,16,3,13
6/7/2014 23:00,9,0,9
6/8/2014 0:00,5,0,5
6/8/2014 1:00,9,0,9
6/8/2014 2:00,4,0,4
6/8/2014 3:00,4,0,4
6/8/2014 4:00,2,0,2
6/8/2014 5:00,0,0,0
6/8/2014 6:00,2,2,0
6/8/2014 7:00,2,2,0
6/8/2014 8:00,13,5,8
6/8/2014 9:00,22,6,16
6/8/2014 10:00,22,5,17
6/8/2014 11:00,14,4,10
6/8/2014 12:00,64,17,47
6/8/2014 13:00,73,10,63
6/8/2014 14:00,46,7,39
6/8/2014 15:00,67,1,66
6/8/2014 16:00,40,6,34
6/8/2014 17:00,51,7,44
6/8/2014 18:00,35,2,33
6/8/2014 19:00,18,2,16
6/8/2014 20:00,23,0,23
6/8/2014 21:00,7,1,6
6/8/2014 22:00,12,5,7
6/8/2014 23:00,11,0,11
6/9/2014 0:00,2,0,2
6/9/2014 1:00,0,0,0
6/9/2014 2:00,0,0,0
6/9/2014 3:00,0,0,0
6/9/2014 4:00,2,2,0
6/9/2014 5:00,3,3,0
6/9/2014 6:00,13,13,0
6/9/2014 7:00,25,18,7
6/9/2014 8:00,24,6,18
6/9/2014 9:00,28,11,17
6/9/2014 10:00,24,8,16
6/9/2014 11:00,25,2,23
6/9/2014 12:00,32,9,23
6/9/2014 13:00,17,3,14
6/9/2014 14:00,24,6,18
6/9/2014 15:00,57,10,47
6/9/2014 16:00,69,3,66
6/9/2014 17:00,105,10,95
6/9/2014 18:00,80,9,71
6/9/2014 19:00,28,3,25
6/9/2014 20:00,24,3,21
6/9/2014 21:00,14,3,11
6/9/2014 22:00,14,0,14
6/9/2014 23:00,4,0,4
6/10/2014 0:00,0,0,0
6/10/2014 1:00,3,1,2
6/10/2014 2:00,0,0,0
6/10/2014 3:00,1,1,0
6/10/2014 4:00,2,2,0
6/10/2014 5:00,5,2,3
6/10/2014 6:00,15,11,4
6/10/2014 7:00,33,15,18
6/10/2014 8:00,35,12,23
6/10/2014 9:00,41,10,31
6/10/2014 10:00,17,5,12
6/10/2014 11:00,42,7,35
6/10/2014 12:00,17,5,12
6/10/2014 13:00,26,2,24
6/10/2014 14:00,34,2,32
6/10/2014 15:00,31,6,25
6/10/2014 16:00,73,9,64
6/10/2014 17:00,136,8,128
6/10/2014 18:00,104,12,92
6/10/2014 19:00,90,7,83
6/10/2014 20:00,37,12,25
6/10/2014 21:00,13,1,12
6/10/2014 22:00,11,4,7
6/10/2014 23:00,3,1,2
6/11/2014 0:00,5,0,5
6/11/2014 1:00,3,0,3
6/11/2014 2:00,4,0,4
6/11/2014 3:00,0,0,0
6/11/2014 4:00,2,2,0
6/11/2014 5:00,6,4,2
6/11/2014 6:00,16,10,6
6/11/2014 7:00,49,32,17
6/11/2014 8:00,48,19,29
6/11/2014 9:00,25,8,17
6/11/2014 10:00,21,10,11
6/11/2014 11:00,27,12,15
6/11/2014 12:00,19,1,18
6/11/2014 13:00,19,5,14
6/11/2014 14:00,67,0,67
6/11/2014 15:00,72,9,63
6/11/2014 16:00,64,4,60
6/11/2014 17:00,115,11,104
6/11/2014 18:00,68,6,62
6/11/2014 19:00,31,3,28
6/11/2014 20:00,20,3,17
6/11/2014 21:00,13,3,10
6/11/2014 22:00,13,4,9
6/11/2014 23:00,7,0,7
6/12/2014 0:00,8,1,7
6/12/2014 1:00,0,0,0
6/12/2014 2:00,0,0,0
6/12/2014 3:00,0,0,0
6/12/2014 4:00,1,1,0
6/12/2014 5:00,5,5,0
6/12/2014 6:00,12,10,2
6/12/2014 7:00,27,18,9
6/12/2014 8:00,32,9,23
6/12/2014 9:00,21,6,15
6/12/2014 10:00,12,5,7
6/12/2014 11:00,43,7,36
6/12/2014 12:00,18,4,14
6/12/2014 13:00,19,3,16
6/12/2014 14:00,45,9,36
6/12/2014 15:00,59,6,53
6/12/2014 16:00,66,8,58
6/12/2014 17:00,65,4,61
6/12/2014 18:00,94,3,91
6/12/2014 19:00,44,2,42
6/12/2014 20:00,23,4,19
6/12/2014 21:00,18,4,14
6/12/2014 22:00,15,4,11
6/12/2014 23:00,10,0,10
6/13/2014 0:00,3,0,3
6/13/2014 1:00,1,1,0
6/13/2014 2:00,2,0,2
6/13/2014 3:00,4,0,4
6/13/2014 4:00,0,0,0
6/13/2014 5:00,1,1,0
6/13/2014 6:00,5,3,2
6/13/2014 7:00,20,13,7
6/13/2014 8:00,32,10,22
6/13/2014 9:00,30,13,17
6/13/2014 10:00,25,8,17
6/13/2014 11:00,23,5,18
6/13/2014 12:00,19,5,14
6/13/2014 13:00,35,2,33
6/13/2014 14:00,41,1,40
6/13/2014 15:00,49,8,41
6/13/2014 16:00,86,11,75
6/13/2014 17:00,53,2,51
6/13/2014 18:00,53,5,48
6/13/2014 19:00,26,2,24
6/13/2014 20:00,34,1,33
6/13/2014 21:00,21,2,19
6/13/2014 22:00,9,2,7
6/13/2014 23:00,10,1,9
6/14/2014 0:00,8,0,8
6/14/2014 1:00,9,3,6
6/14/2014 2:00,3,1,2
6/14/2014 3:00,0,0,0
6/14/2014 4:00,2,1,1
6/14/2014 5:00,0,0,0
6/14/2014 6:00,3,3,0
6/14/2014 7:00,1,1,0
6/14/2014 8:00,12,2,10
6/14/2014 9:00,32,13,19
6/14/2014 10:00,95,13,82
6/14/2014 11:00,68,6,62
6/14/2014 12:00,67,6,61
6/14/2014 13:00,75,3,72
6/14/2014 14:00,28,5,23
6/14/2014 15:00,29,7,22
6/14/2014 16:00,43,2,41
6/14/2014 17:00,30,13,17
6/14/2014 18:00,21,4,17
6/14/2014 19:00,37,1,36
6/14/2014 20:00,46,3,43
6/14/2014 21:00,27,7,20
6/14/2014 22:00,16,2,14
6/14/2014 23:00,9,3,6
6/15/2014 0:00,7,1,6
6/15/2014 1:00,8,0,8
6/15/2014 2:00,1,0,1
6/15/2014 3:00,7,1,6
6/15/2014 4:00,0,0,0
6/15/2014 5:00,2,0,2
6/15/2014 6:00,4,2,2
6/15/2014 7:00,2,0,2
6/15/2014 8:00,7,3,4
6/15/2014 9:00,15,10,5
6/15/2014 10:00,17,9,8
6/15/2014 11:00,14,6,8
6/15/2014 12:00,23,3,20
6/15/2014 13:00,38,1,37
6/15/2014 14:00,63,1,62
6/15/2014 15:00,35,4,31
6/15/2014 16:00,35,3,32
6/15/2014 17:00,19,3,16
6/15/2014 18:00,16,1,15
6/15/2014 19:00,37,3,34
6/15/2014 20:00,21,2,19
6/15/2014 21:00,10,1,9
6/15/2014 22:00,5,1,4
6/15/2014 23:00,8,1,7
6/16/2014 0:00,2,0,2
6/16/2014 1:00,4,0,4
6/16/2014 2:00,4,0,4
6/16/2014 3:00,2,0,2
6/16/2014 4:00,0,0,0
6/16/2014 5:00,7,4,3
6/16/2014 6:00,14,10,4
6/16/2014 7:00,24,17,7
6/16/2014 8:00,25,6,19
6/16/2014 9:00,26,13,13
6/16/2014 10:00,18,12,6
6/16/2014 11:00,27,1,26
6/16/2014 12:00,31,1,30
6/16/2014 13:00,17,8,9
6/16/2014 14:00,29,5,24
6/16/2014 15:00,24,3,21
6/16/2014 16:00,65,15,50
6/16/2014 17:00,84,8,76
6/16/2014 18:00,40,5,35
6/16/2014 19:00,33,2,31
6/16/2014 20:00,31,4,27
6/16/2014 21:00,16,5,11
6/16/2014 22:00,16,1,15
6/16/2014 23:00,4,0,4
6/17/2014 0:00,3,1,2
6/17/2014 1:00,4,0,4
6/17/2014 2:00,1,0,1
6/17/2014 3:00,0,0,0
6/17/2014 4:00,0,0,0
6/17/2014 5:00,4,1,3
6/17/2014 6:00,12,8,4
6/17/2014 7:00,41,27,14
6/17/2014 8:00,27,7,20
6/17/2014 9:00,39,11,28
6/17/2014 10:00,31,9,22
6/17/2014 11:00,15,5,10
6/17/2014 12:00,37,9,28
6/17/2014 13:00,36,4,32
6/17/2014 14:00,54,7,47
6/17/2014 15:00,42,6,36
6/17/2014 16:00,37,8,29
6/17/2014 17:00,100,11,89
6/17/2014 18:00,68,9,59
6/17/2014 19:00,35,6,29
6/17/2014 20:00,26,8,18
6/17/2014 21:00,15,1,14
6/17/2014 22:00,12,0,12
6/17/2014 23:00,1,0,1
6/18/2014 0:00,6,0,6
6/18/2014 1:00,2,1,1
6/18/2014 2:00,0,0,0
6/18/2014 3:00,0,0,0
6/18/2014 4:00,3,3,0
6/18/2014 5:00,2,2,0
6/18/2014 6:00,13,9,4
6/18/2014 7:00,38,24,14
6/18/2014 8:00,27,8,19
6/18/2014 9:00,28,12,16
6/18/2014 10:00,14,6,8
6/18/2014 11:00,19,8,11
6/18/2014 12:00,21,12,9
6/18/2014 13:00,28,7,21
6/18/2014 14:00,52,11,41
6/18/2014 15:00,44,7,37
6/18/2014 16:00,51,9,42
6/18/2014 17:00,88,17,71
6/18/2014 18:00,49,13,36
6/18/2014 19:00,21,2,19
6/18/2014 20:00,21,0,21
6/18/2014 21:00,23,1,22
6/18/2014 22:00,20,3,17
6/18/2014 23:00,3,1,2
6/19/2014 0:00,2,0,2
6/19/2014 1:00,3,0,3
6/19/2014 2:00,0,0,0
6/19/2014 3:00,0,0,0
6/19/2014 4:00,1,1,0
6/19/2014 5:00,3,1,2
6/19/2014 6:00,11,9,2
6/19/2014 7:00,36,21,15
6/19/2014 8:00,29,12,17
6/19/2014 9:00,26,4,22
6/19/2014 10:00,21,5,16
6/19/2014 11:00,28,9,19
6/19/2014 12:00,27,7,20
6/19/2014 13:00,43,9,34
6/19/2014 14:00,126,13,113
6/19/2014 15:00,95,16,79
6/19/2014 16:00,78,11,67
6/19/2014 17:00,61,15,46
6/19/2014 18:00,45,6,39
6/19/2014 19:00,50,8,42
6/19/2014 20:00,31,5,26
6/19/2014 21:00,17,0,17
6/19/2014 22:00,21,5,16
6/19/2014 23:00,8,0,8
6/20/2014 0:00,3,1,2
6/20/2014 1:00,0,0,0
6/20/2014 2:00,1,1,0
6/20/2014 3:00,0,0,0
6/20/2014 4:00,0,0,0
6/20/2014 5:00,4,2,2
6/20/2014 6:00,10,8,2
6/20/2014 7:00,22,14,8
6/20/2014 8:00,16,11,5
6/20/2014 9:00,14,5,9
6/20/2014 10:00,30,8,22
6/20/2014 11:00,42,10,32
6/20/2014 12:00,44,8,36
6/20/2014 13:00,59,3,56
6/20/2014 14:00,60,7,53
6/20/2014 15:00,78,0,78
6/20/2014 16:00,43,2,41
6/20/2014 17:00,81,9,72
6/20/2014 18:00,45,10,35
6/20/2014 19:00,39,5,34
6/20/2014 20:00,19,0,19
6/20/2014 21:00,20,6,14
6/20/2014 22:00,14,3,11
6/20/2014 23:00,8,1,7
6/21/2014 0:00,3,0,3
6/21/2014 1:00,5,2,3
6/21/2014 2:00,1,0,1
6/21/2014 3:00,0,0,0
6/21/2014 4:00,0,0,0
6/21/2014 5:00,2,0,2
6/21/2014 6:00,2,2,0
6/21/2014 7:00,8,4,4
6/21/2014 8:00,17,7,10
6/21/2014 9:00,13,3,10
6/21/2014 10:00,47,20,27
6/21/2014 11:00,35,10,25
6/21/2014 12:00,66,13,53
6/21/2014 13:00,80,11,69
6/21/2014 14:00,86,14,72
6/21/2014 15:00,77,4,73
6/21/2014 16:00,78,4,74
6/21/2014 17:00,43,11,32
6/21/2014 18:00,31,5,26
6/21/2014 19:00,22,3,19
6/21/2014 20:00,27,1,26
6/21/2014 21:00,25,4,21
6/21/2014 22:00,16,3,13
6/21/2014 23:00,8,1,7
6/22/2014 0:00,7,3,4
6/22/2014 1:00,2,0,2
6/22/2014 2:00,0,0,0
6/22/2014 3:00,0,0,0
6/22/2014 4:00,0,0,0
6/22/2014 5:00,0,0,0
6/22/2014 6:00,3,1,2
6/22/2014 7:00,2,0,2
6/22/2014 8:00,9,5,4
6/22/2014 9:00,16,0,16
6/22/2014 10:00,18,5,13
6/22/2014 11:00,42,6,36
6/22/2014 12:00,72,18,54
6/22/2014 13:00,37,12,25
6/22/2014 14:00,56,13,43
6/22/2014 15:00,49,8,41
6/22/2014 16:00,40,9,31
6/22/2014 17:00,39,3,36
6/22/2014 18:00,42,7,35
6/22/2014 19:00,27,3,24
6/22/2014 20:00,18,2,16
6/22/2014 21:00,24,3,21
6/22/2014 22:00,15,2,13
6/22/2014 23:00,6,0,6
6/23/2014 0:00,5,1,4
6/23/2014 1:00,7,3,4
6/23/2014 2:00,8,3,5
6/23/2014 3:00,1,1,0
6/23/2014 4:00,1,1,0
6/23/2014 5:00,1,1,0
6/23/2014 6:00,13,10,3
6/23/2014 7:00,21,13,8
6/23/2014 8:00,37,16,21
6/23/2014 9:00,35,13,22
6/23/2014 10:00,51,8,43
6/23/2014 11:00,36,8,28
6/23/2014 12:00,46,7,39
6/23/2014 13:00,73,6,67
6/23/2014 14:00,53,1,52
6/23/2014 15:00,54,13,41
6/23/2014 16:00,72,4,68
6/23/2014 17:00,75,10,65
6/23/2014 18:00,58,7,51
6/23/2014 19:00,37,3,34
6/23/2014 20:00,22,1,21
6/23/2014 21:00,12,3,9
6/23/2014 22:00,11,2,9
6/23/2014 23:00,7,1,6
6/24/2014 0:00,0,0,0
6/24/2014 1:00,2,0,2
6/24/2014 2:00,1,1,0
6/24/2014 3:00,0,0,0
6/24/2014 4:00,6,1,5
6/24/2014 5:00,2,1,1
6/24/2014 6:00,6,4,2
6/24/2014 7:00,32,21,11
6/24/2014 8:00,19,15,4
6/24/2014 9:00,34,8,26
6/24/2014 10:00,30,5,25
6/24/2014 11:00,55,4,51
6/24/2014 12:00,65,7,58
6/24/2014 13:00,33,10,23
6/24/2014 14:00,35,11,24
6/24/2014 15:00,28,6,22
6/24/2014 16:00,44,4,40
6/24/2014 17:00,94,10,84
6/24/2014 18:00,66,13,53
6/24/2014 19:00,64,8,56
6/24/2014 20:00,42,6,36
6/24/2014 21:00,17,2,15
6/24/2014 22:00,15,2,13
6/24/2014 23:00,13,1,12
6/25/2014 0:00,2,0,2
6/25/2014 1:00,0,0,0
6/25/2014 2:00,4,1,3
6/25/2014 3:00,0,0,0
6/25/2014 4:00,1,1,0
6/25/2014 5:00,4,2,2
6/25/2014 6:00,16,14,2
6/25/2014 7:00,33,19,14
6/25/2014 8:00,23,11,12
6/25/2014 9:00,36,9,27
6/25/2014 10:00,21,7,14
6/25/2014 11:00,19,3,16
6/25/2014 12:00,29,10,19
6/25/2014 13:00,27,14,13
6/25/2014 14:00,53,1,52
6/25/2014 15:00,44,8,36
6/25/2014 16:00,48,9,39
6/25/2014 17:00,73,8,65
6/25/2014 18:00,55,3,52
6/25/2014 19:00,46,7,39
6/25/2014 20:00,37,4,33
6/25/2014 21:00,21,3,18
6/25/2014 22:00,6,3,3
6/25/2014 23:00,10,1,9
6/26/2014 0:00,2,1,1
6/26/2014 1:00,3,1,2
6/26/2014 2:00,2,0,2
6/26/2014 3:00,0,0,0
6/26/2014 4:00,1,1,0
6/26/2014 5:00,1,1,0
6/26/2014 6:00,12,12,0
6/26/2014 7:00,20,15,5
6/26/2014 8:00,33,17,16
6/26/2014 9:00,18,8,10
6/26/2014 10:00,21,9,12
6/26/2014 11:00,31,9,22
6/26/2014 12:00,36,14,22
6/26/2014 13:00,28,7,21
6/26/2014 14:00,76,9,67
6/26/2014 15:00,76,10,66
6/26/2014 16:00,74,7,67
6/26/2014 17:00,85,11,74
6/26/2014 18:00,57,6,51
6/26/2014 19:00,34,2,32
6/26/2014 20:00,34,3,31
6/26/2014 21:00,45,3,42
6/26/2014 22:00,14,5,9
6/26/2014 23:00,9,2,7
6/27/2014 0:00,4,0,4
6/27/2014 1:00,0,0,0
6/27/2014 2:00,3,1,2
6/27/2014 3:00,2,0,2
6/27/2014 4:00,2,2,0
6/27/2014 5:00,2,2,0
6/27/2014 6:00,7,5,2
6/27/2014 7:00,18,12,6
6/27/2014 8:00,29,9,20
6/27/2014 9:00,25,8,17
6/27/2014 10:00,20,4,16
6/27/2014 11:00,24,5,19
6/27/2014 12:00,37,4,33
6/27/2014 13:00,26,6,20
6/27/2014 14:00,35,1,34
6/27/2014 15:00,46,9,37
6/27/2014 16:00,44,6,38
6/27/2014 17:00,73,11,62
6/27/2014 18:00,61,11,50
6/27/2014 19:00,73,3,70
6/27/2014 20:00,47,5,42
6/27/2014 21:00,43,3,40
6/27/2014 22:00,26,4,22
6/27/2014 23:00,11,0,11
6/28/2014 0:00,5,0,5
6/28/2014 1:00,4,0,4
6/28/2014 2:00,3,1,2
6/28/2014 3:00,0,0,0
6/28/2014 4:00,0,0,0
6/28/2014 5:00,0,0,0
6/28/2014 6:00,3,2,1
6/28/2014 7:00,7,1,6
6/28/2014 8:00,11,3,8
6/28/2014 9:00,21,6,15
6/28/2014 10:00,29,13,16
6/28/2014 11:00,42,12,30
6/28/2014 12:00,30,8,22
6/28/2014 13:00,28,2,26
6/28/2014 14:00,50,8,42
6/28/2014 15:00,33,8,25
6/28/2014 16:00,28,5,23
6/28/2014 17:00,25,4,21
6/28/2014 18:00,23,4,19
6/28/2014 19:00,36,10,26
6/28/2014 20:00,22,5,17
6/28/2014 21:00,22,6,16
6/28/2014 22:00,14,1,13
6/28/2014 23:00,8,1,7
6/29/2014 0:00,5,1,4
6/29/2014 1:00,0,0,0
6/29/2014 2:00,8,4,4
6/29/2014 3:00,0,0,0
6/29/2014 4:00,0,0,0
6/29/2014 5:00,0,0,0
6/29/2014 6:00,4,2,2
6/29/2014 7:00,2,1,1
6/29/2014 8:00,8,4,4
6/29/2014 9:00,24,10,14
6/29/2014 10:00,19,8,11
6/29/2014 11:00,30,7,23
6/29/2014 12:00,23,4,19
6/29/2014 13:00,19,5,14
6/29/2014 14:00,24,5,19
6/29/2014 15:00,21,4,17
6/29/2014 16:00,39,6,33
6/29/2014 17:00,21,3,18
6/29/2014 18:00,32,6,26
6/29/2014 19:00,18,4,14
6/29/2014 20:00,30,5,25
6/29/2014 21:00,12,1,11
6/29/2014 22:00,6,1,5
6/29/2014 23:00,5,1,4
6/30/2014 0:00,4,0,4
6/30/2014 1:00,1,0,1
6/30/2014 2:00,0,0,0
6/30/2014 3:00,1,1,0
6/30/2014 4:00,1,0,1
6/30/2014 5:00,4,3,1
6/30/2014 6:00,2,2,0
6/30/2014 7:00,28,23,5
6/30/2014 8:00,11,5,6
6/30/2014 9:00,19,10,9
6/30/2014 10:00,16,4,12
6/30/2014 11:00,25,10,15
6/30/2014 12:00,27,5,22
6/30/2014 13:00,32,10,22
6/30/2014 14:00,19,5,14
6/30/2014 15:00,37,9,28
6/30/2014 16:00,32,5,27
6/30/2014 17:00,47,14,33
6/30/2014 18:00,62,9,53
6/30/2014 19:00,57,3,54
6/30/2014 20:00,36,4,32
6/30/2014 21:00,19,3,16
6/30/2014 22:00,16,5,11
6/30/2014 23:00,10,0,10
7/1/2014 0:00,2,0,2
7/1/2014 1:00,3,0,3
7/1/2014 2:00,1,1,0
7/1/2014 3:00,1,1,0
7/1/2014 4:00,2,2,0
7/1/2014 5:00,0,0,0
7/1/2014 6:00,15,12,3
7/1/2014 7:00,37,25,12
7/1/2014 8:00,38,15,23
7/1/2014 9:00,37,15,22
7/1/2014 10:00,18,4,14
7/1/2014 11:00,22,4,18
7/1/2014 12:00,57,9,48
7/1/2014 13:00,26,7,19
7/1/2014 14:00,21,3,18
7/1/2014 15:00,42,5,37
7/1/2014 16:00,57,12,45
7/1/2014 17:00,74,7,67
7/1/2014 18:00,75,10,65
7/1/2014 19:00,49,3,46
7/1/2014 20:00,33,2,31
7/1/2014 21:00,19,5,14
7/1/2014 22:00,16,3,13
7/1/2014 23:00,7,1,6
7/2/2014 0:00,2,0,2
7/2/2014 1:00,2,0,2
7/2/2014 2:00,1,1,0
7/2/2014 3:00,0,0,0
7/2/2014 4:00,3,1,2
7/2/2014 5:00,5,3,2
7/2/2014 6:00,10,8,2
7/2/2014 7:00,29,18,11
7/2/2014 8:00,28,14,14
7/2/2014 9:00,16,8,8
7/2/2014 10:00,42,8,34
7/2/2014 11:00,42,7,35
7/2/2014 12:00,29,10,19
7/2/2014 13:00,40,4,36
7/2/2014 14:00,42,9,33
7/2/2014 15:00,50,6,44
7/2/2014 16:00,37,1,36
7/2/2014 17:00,68,6,62
7/2/2014 18:00,71,10,61
7/2/2014 19:00,45,3,42
7/2/2014 20:00,37,4,33
7/2/2014 21:00,33,5,28
7/2/2014 22:00,20,1,19
7/2/2014 23:00,6,0,6
7/3/2014 0:00,2,0,2
7/3/2014 1:00,6,2,4
7/3/2014 2:00,4,0,4
7/3/2014 3:00,2,0,2
7/3/2014 4:00,1,1,0
7/3/2014 5:00,1,1,0
7/3/2014 6:00,16,11,5
7/3/2014 7:00,19,11,8
7/3/2014 8:00,29,14,15
7/3/2014 9:00,13,7,6
7/3/2014 10:00,17,6,11
7/3/2014 11:00,24,10,14
7/3/2014 12:00,20,4,16
7/3/2014 13:00,27,4,23
7/3/2014 14:00,22,2,20
7/3/2014 15:00,25,3,22
7/3/2014 16:00,68,1,67
7/3/2014 17:00,28,5,23
7/3/2014 18:00,43,5,38
7/3/2014 19:00,19,1,18
7/3/2014 20:00,6,1,5
7/3/2014 21:00,16,2,14
7/3/2014 22:00,23,0,23
7/3/2014 23:00,13,6,7
7/4/2014 0:00,4,2,2
7/4/2014 1:00,2,0,2
7/4/2014 2:00,5,2,3
7/4/2014 3:00,1,1,0
7/4/2014 4:00,0,0,0
7/4/2014 5:00,1,0,1
7/4/2014 6:00,9,5,4
7/4/2014 7:00,1,1,0
7/4/2014 8:00,8,4,4
7/4/2014 9:00,17,7,10
7/4/2014 10:00,27,4,23
7/4/2014 11:00,34,10,24
7/4/2014 12:00,33,2,31
7/4/2014 13:00,27,2,25
7/4/2014 14:00,29,7,22
7/4/2014 15:00,34,1,33
7/4/2014 16:00,21,4,17
7/4/2014 17:00,14,3,11
7/4/2014 18:00,14,2,12
7/4/2014 19:00,16,4,12
7/4/2014 20:00,15,0,15
7/4/2014 21:00,27,13,14
7/4/2014 22:00,14,6,8
7/4/2014 23:00,22,3,19
7/5/2014 0:00,11,2,9
7/5/2014 1:00,4,2,2
7/5/2014 2:00,0,0,0
7/5/2014 3:00,2,0,2
7/5/2014 4:00,1,0,1
7/5/2014 5:00,2,1,1
7/5/2014 6:00,3,1,2
7/5/2014 7:00,5,3,2
7/5/2014 8:00,9,5,4
7/5/2014 9:00,12,4,8
7/5/2014 10:00,12,3,9
7/5/2014 11:00,21,6,15
7/5/2014 12:00,24,4,20
7/5/2014 13:00,25,5,20
7/5/2014 14:00,26,4,22
7/5/2014 15:00,15,2,13
7/5/2014 16:00,42,5,37
7/5/2014 17:00,42,6,36
7/5/2014 18:00,36,9,27
7/5/2014 19:00,25,3,22
7/5/2014 20:00,28,5,23
7/5/2014 21:00,20,1,19
7/5/2014 22:00,17,0,17
7/5/2014 23:00,12,0,12
7/6/2014 0:00,4,0,4
7/6/2014 1:00,8,1,7
7/6/2014 2:00,4,0,4
7/6/2014 3:00,0,0,0
7/6/2014 4:00,0,0,0
7/6/2014 5:00,4,0,4
7/6/2014 6:00,0,0,0
7/6/2014 7:00,9,1,8
7/6/2014 8:00,19,6,13
7/6/2014 9:00,8,4,4
7/6/2014 10:00,19,8,11
7/6/2014 11:00,15,7,8
7/6/2014 12:00,27,7,20
7/6/2014 13:00,31,5,26
7/6/2014 14:00,51,9,42
7/6/2014 15:00,25,4,21
7/6/2014 16:00,27,8,19
7/6/2014 17:00,36,1,35
7/6/2014 18:00,27,4,23
7/6/2014 19:00,37,4,33
7/6/2014 20:00,30,1,29
7/6/2014 21:00,25,1,24
7/6/2014 22:00,18,4,14
7/6/2014 23:00,10,2,8
7/7/2014 0:00,12,2,10
7/7/2014 1:00,4,1,3
7/7/2014 2:00,1,1,0
7/7/2014 3:00,0,0,0
7/7/2014 4:00,2,0,2
7/7/2014 5:00,2,1,1
7/7/2014 6:00,11,7,4
7/7/2014 7:00,36,24,12
7/7/2014 8:00,14,6,8
7/7/2014 9:00,15,5,10
7/7/2014 10:00,19,8,11
7/7/2014 11:00,26,3,23
7/7/2014 12:00,35,7,28
7/7/2014 13:00,37,4,33
7/7/2014 14:00,37,7,30
7/7/2014 15:00,51,5,46
7/7/2014 16:00,74,2,72
7/7/2014 17:00,58,3,55
7/7/2014 18:00,59,8,51
7/7/2014 19:00,52,7,45
7/7/2014 20:00,53,2,51
7/7/2014 21:00,35,1,34
7/7/2014 22:00,15,4,11
7/7/2014 23:00,2,0,2
7/8/2014 0:00,8,0,8
7/8/2014 1:00,1,0,1
7/8/2014 2:00,0,0,0
7/8/2014 3:00,5,0,5
7/8/2014 4:00,2,0,2
7/8/2014 5:00,9,4,5
7/8/2014 6:00,20,10,10
7/8/2014 7:00,33,23,10
7/8/2014 8:00,29,12,17
7/8/2014 9:00,33,14,19
7/8/2014 10:00,12,3,9
7/8/2014 11:00,35,9,26
7/8/2014 12:00,36,4,32
7/8/2014 13:00,38,2,36
7/8/2014 14:00,34,11,23
7/8/2014 15:00,35,8,27
7/8/2014 16:00,51,13,38
7/8/2014 17:00,51,5,46
7/8/2014 18:00,34,4,30
7/8/2014 19:00,52,6,46
7/8/2014 20:00,30,2,28
7/8/2014 21:00,18,4,14
7/8/2014 22:00,13,2,11
7/8/2014 23:00,4,0,4
7/9/2014 0:00,6,0,6
7/9/2014 1:00,1,1,0
7/9/2014 2:00,0,0,0
7/9/2014 3:00,0,0,0
7/9/2014 4:00,1,1,0
7/9/2014 5:00,7,4,3
7/9/2014 6:00,9,9,0
7/9/2014 7:00,29,21,8
7/9/2014 8:00,26,12,14
7/9/2014 9:00,22,5,17
7/9/2014 10:00,34,14,20
7/9/2014 11:00,26,6,20
7/9/2014 12:00,17,8,9
7/9/2014 13:00,18,8,10
7/9/2014 14:00,28,5,23
7/9/2014 15:00,26,4,22
7/9/2014 16:00,52,9,43
7/9/2014 17:00,81,3,78
7/9/2014 18:00,56,7,49
7/9/2014 19:00,30,1,29
7/9/2014 20:00,63,3,60
7/9/2014 21:00,28,3,25
7/9/2014 22:00,19,3,16
7/9/2014 23:00,4,1,3
7/10/2014 0:00,2,0,2
7/10/2014 1:00,2,0,2
7/10/2014 2:00,1,0,1
7/10/2014 3:00,0,0,0
7/10/2014 4:00,1,1,0
7/10/2014 5:00,4,2,2
7/10/2014 6:00,9,9,0
7/10/2014 7:00,35,23,12
7/10/2014 8:00,19,10,9
7/10/2014 9:00,25,8,17
7/10/2014 10:00,15,3,12
7/10/2014 11:00,18,8,10
7/10/2014 12:00,44,7,37
7/10/2014 13:00,27,4,23
7/10/2014 14:00,17,2,15
7/10/2014 15:00,45,5,40
7/10/2014 16:00,55,4,51
7/10/2014 17:00,38,4,34
7/10/2014 18:00,36,7,29
7/10/2014 19:00,45,6,39
7/10/2014 20:00,27,6,21
7/10/2014 21:00,33,8,25
7/10/2014 22:00,18,4,14
7/10/2014 23:00,8,2,6
7/11/2014 0:00,4,1,3
7/11/2014 1:00,1,0,1
7/11/2014 2:00,4,0,4
7/11/2014 3:00,2,0,2
7/11/2014 4:00,3,0,3
7/11/2014 5:00,3,1,2
7/11/2014 6:00,6,6,0
7/11/2014 7:00,18,12,6
7/11/2014 8:00,14,8,6
7/11/2014 9:00,36,16,20
7/11/2014 10:00,16,3,13
7/11/2014 11:00,20,3,17
7/11/2014 12:00,28,5,23
7/11/2014 13:00,38,0,38
7/11/2014 14:00,37,6,31
7/11/2014 15:00,46,9,37
7/11/2014 16:00,39,3,36
7/11/2014 17:00,71,5,66
7/11/2014 18:00,82,6,76
7/11/2014 19:00,54,3,51
7/11/2014 20:00,64,8,56
7/11/2014 21:00,42,3,39
7/11/2014 22:00,27,1,26
7/11/2014 23:00,8,1,7
7/12/2014 0:00,7,3,4
7/12/2014 1:00,0,0,0
7/12/2014 2:00,1,1,0
7/12/2014 3:00,0,0,0
7/12/2014 4:00,4,2,2
7/12/2014 5:00,2,0,2
7/12/2014 6:00,5,3,2
7/12/2014 7:00,16,8,8
7/12/2014 8:00,18,6,12
7/12/2014 9:00,19,6,13
7/12/2014 10:00,21,8,13
7/12/2014 11:00,20,4,16
7/12/2014 12:00,22,5,17
7/12/2014 13:00,31,9,22
7/12/2014 14:00,23,6,17
7/12/2014 15:00,20,4,16
7/12/2014 16:00,24,13,11
7/12/2014 17:00,30,8,22
7/12/2014 18:00,21,5,16
7/12/2014 19:00,26,5,21
7/12/2014 20:00,19,5,14
7/12/2014 21:00,11,1,10
7/12/2014 22:00,29,6,23
7/12/2014 23:00,13,2,11
7/13/2014 0:00,8,2,6
7/13/2014 1:00,9,3,6
7/13/2014 2:00,2,0,2
7/13/2014 3:00,4,0,4
7/13/2014 4:00,0,0,0
7/13/2014 5:00,0,0,0
7/13/2014 6:00,2,0,2
7/13/2014 7:00,2,0,2
7/13/2014 8:00,6,6,0
7/13/2014 9:00,24,8,16
7/13/2014 10:00,24,6,18
7/13/2014 11:00,17,6,11
7/13/2014 12:00,21,2,19
7/13/2014 13:00,11,2,9
7/13/2014 14:00,30,5,25
7/13/2014 15:00,24,2,22
7/13/2014 16:00,42,6,36
7/13/2014 17:00,18,6,12
7/13/2014 18:00,26,2,24
7/13/2014 19:00,34,1,33
7/13/2014 20:00,13,6,7
7/13/2014 21:00,25,5,20
7/13/2014 22:00,9,0,9
7/13/2014 23:00,5,0,5
7/14/2014 0:00,6,0,6
7/14/2014 1:00,0,0,0
7/14/2014 2:00,2,0,2
7/14/2014 3:00,6,2,4
7/14/2014 4:00,6,4,2
7/14/2014 5:00,5,1,4
7/14/2014 6:00,9,5,4
7/14/2014 7:00,31,19,12
7/14/2014 8:00,40,9,31
7/14/2014 9:00,29,10,19
7/14/2014 10:00,18,6,12
7/14/2014 11:00,23,2,21
7/14/2014 12:00,20,16,4
7/14/2014 13:00,39,6,33
7/14/2014 14:00,51,3,48
7/14/2014 15:00,54,6,48
7/14/2014 16:00,38,6,32
7/14/2014 17:00,49,8,41
7/14/2014 18:00,38,7,31
7/14/2014 19:00,35,6,29
7/14/2014 20:00,45,0,45
7/14/2014 21:00,22,3,19
7/14/2014 22:00,8,2,6
7/14/2014 23:00,5,1,4
7/15/2014 0:00,2,1,1
7/15/2014 1:00,4,0,4
7/15/2014 2:00,1,0,1
7/15/2014 3:00,0,0,0
7/15/2014 4:00,0,0,0
7/15/2014 5:00,2,2,0
7/15/2014 6:00,17,9,8
7/15/2014 7:00,36,25,11
7/15/2014 8:00,34,10,24
7/15/2014 9:00,40,23,17
7/15/2014 10:00,17,7,10
7/15/2014 11:00,36,6,30
7/15/2014 12:00,25,3,22
7/15/2014 13:00,17,5,12
7/15/2014 14:00,19,3,16
7/15/2014 15:00,41,5,36
7/15/2014 16:00,62,7,55
7/15/2014 17:00,67,10,57
7/15/2014 18:00,73,11,62
7/15/2014 19:00,85,3,82
7/15/2014 20:00,54,7,47
7/15/2014 21:00,20,2,18
7/15/2014 22:00,24,7,17
7/15/2014 23:00,9,0,9
7/16/2014 0:00,8,2,6
7/16/2014 1:00,3,1,2
7/16/2014 2:00,0,0,0
7/16/2014 3:00,0,0,0
7/16/2014 4:00,3,3,0
7/16/2014 5:00,1,1,0
7/16/2014 6:00,13,13,0
7/16/2014 7:00,39,28,11
7/16/2014 8:00,57,21,36
7/16/2014 9:00,39,15,24
7/16/2014 10:00,27,6,21
7/16/2014 11:00,40,8,32
7/16/2014 12:00,40,6,34
7/16/2014 13:00,37,12,25
7/16/2014 14:00,36,6,30
7/16/2014 15:00,59,7,52
7/16/2014 16:00,32,4,28
7/16/2014 17:00,51,3,48
7/16/2014 18:00,56,4,52
7/16/2014 19:00,45,7,38
7/16/2014 20:00,36,4,32
7/16/2014 21:00,25,4,21
7/16/2014 22:00,22,4,18
7/16/2014 23:00,10,1,9
7/17/2014 0:00,3,0,3
7/17/2014 1:00,4,0,4
7/17/2014 2:00,1,1,0
7/17/2014 3:00,5,3,2
7/17/2014 4:00,3,3,0
7/17/2014 5:00,3,1,2
7/17/2014 6:00,12,12,0
7/17/2014 7:00,26,20,6
7/17/2014 8:00,51,14,37
7/17/2014 9:00,19,9,10
7/17/2014 10:00,24,4,20
7/17/2014 11:00,52,5,47
7/17/2014 12:00,47,12,35
7/17/2014 13:00,46,7,39
7/17/2014 14:00,54,4,50
7/17/2014 15:00,68,8,60
7/17/2014 16:00,57,4,53
7/17/2014 17:00,53,11,42
7/17/2014 18:00,67,5,62
7/17/2014 19:00,38,7,31
7/17/2014 20:00,28,7,21
7/17/2014 21:00,46,3,43
7/17/2014 22:00,22,1,21
7/17/2014 23:00,22,0,22
7/18/2014 0:00,7,0,7
7/18/2014 1:00,1,1,0
7/18/2014 2:00,3,1,2
7/18/2014 3:00,0,0,0
7/18/2014 4:00,2,1,1
7/18/2014 5:00,4,2,2
7/18/2014 6:00,12,10,2
7/18/2014 7:00,21,15,6
7/18/2014 8:00,42,14,28
7/18/2014 9:00,25,11,14
7/18/2014 10:00,16,3,13
7/18/2014 11:00,18,5,13
7/18/2014 12:00,27,1,26
7/18/2014 13:00,36,3,33
7/18/2014 14:00,34,5,29
7/18/2014 15:00,31,2,29
7/18/2014 16:00,43,7,36
7/18/2014 17:00,40,2,38
7/18/2014 18:00,30,6,24
7/18/2014 19:00,46,3,43
7/18/2014 20:00,39,6,33
7/18/2014 21:00,8,2,6
7/18/2014 22:00,9,1,8
7/18/2014 23:00,16,0,16
7/19/2014 0:00,9,2,7
7/19/2014 1:00,6,0,6
7/19/2014 2:00,4,0,4
7/19/2014 3:00,0,0,0
7/19/2014 4:00,3,0,3
7/19/2014 5:00,1,1,0
7/19/2014 6:00,4,2,2
7/19/2014 7:00,7,2,5
7/19/2014 8:00,9,3,6
7/19/2014 9:00,14,5,9
7/19/2014 10:00,22,5,17
7/19/2014 11:00,39,2,37
7/19/2014 12:00,29,8,21
7/19/2014 13:00,34,12,22
7/19/2014 14:00,37,12,25
7/19/2014 15:00,33,6,27
7/19/2014 16:00,28,5,23
7/19/2014 17:00,25,9,16
7/19/2014 18:00,27,3,24
7/19/2014 19:00,23,4,19
7/19/2014 20:00,23,6,17
7/19/2014 21:00,10,1,9
7/19/2014 22:00,12,2,10
7/19/2014 23:00,9,1,8
7/20/2014 0:00,1,0,1
7/20/2014 1:00,2,0,2
7/20/2014 2:00,4,0,4
7/20/2014 3:00,0,0,0
7/20/2014 4:00,2,0,2
7/20/2014 5:00,0,0,0
7/20/2014 6:00,0,0,0
7/20/2014 7:00,6,2,4
7/20/2014 8:00,8,3,5
7/20/2014 9:00,13,2,11
7/20/2014 10:00,47,3,44
7/20/2014 11:00,15,0,15
7/20/2014 12:00,20,6,14
7/20/2014 13:00,46,14,32
7/20/2014 14:00,31,5,26
7/20/2014 15:00,72,6,66
7/20/2014 16:00,35,4,31
7/20/2014 17:00,29,2,27
7/20/2014 18:00,30,5,25
7/20/2014 19:00,26,4,22
7/20/2014 20:00,16,3,13
7/20/2014 21:00,15,1,14
7/20/2014 22:00,4,1,3
7/20/2014 23:00,2,0,2
7/21/2014 0:00,3,1,2
7/21/2014 1:00,2,0,2
7/21/2014 2:00,1,1,0
7/21/2014 3:00,5,1,4
7/21/2014 4:00,6,4,2
7/21/2014 5:00,4,1,3
7/21/2014 6:00,10,7,3
7/21/2014 7:00,32,27,5
7/21/2014 8:00,25,12,13
7/21/2014 9:00,23,4,19
7/21/2014 10:00,23,6,17
7/21/2014 11:00,13,4,9
7/21/2014 12:00,40,4,36
7/21/2014 13:00,34,8,26
7/21/2014 14:00,22,3,19
7/21/2014 15:00,51,7,44
7/21/2014 16:00,35,7,28
7/21/2014 17:00,60,6,54
7/21/2014 18:00,63,8,55
7/21/2014 19:00,34,4,30
7/21/2014 20:00,27,13,14
7/21/2014 21:00,25,1,24
7/21/2014 22:00,20,3,17
7/21/2014 23:00,2,2,0
7/22/2014 0:00,3,1,2
7/22/2014 1:00,0,0,0
7/22/2014 2:00,4,1,3
7/22/2014 3:00,0,0,0
7/22/2014 4:00,3,3,0
7/22/2014 5:00,6,4,2
7/22/2014 6:00,11,8,3
7/22/2014 7:00,41,27,14
7/22/2014 8:00,40,14,26
7/22/2014 9:00,29,13,16
7/22/2014 10:00,31,9,22
7/22/2014 11:00,27,4,23
7/22/2014 12:00,29,5,24
7/22/2014 13:00,35,11,24
7/22/2014 14:00,35,10,25
7/22/2014 15:00,33,4,29
7/22/2014 16:00,46,5,41
7/22/2014 17:00,61,9,52
7/22/2014 18:00,109,4,105
7/22/2014 19:00,60,11,49
7/22/2014 20:00,67,9,58
7/22/2014 21:00,35,4,31
7/22/2014 22:00,32,2,30
7/22/2014 23:00,10,0,10
7/23/2014 0:00,6,0,6
7/23/2014 1:00,3,0,3
7/23/2014 2:00,0,0,0
7/23/2014 3:00,4,0,4
7/23/2014 4:00,1,1,0
7/23/2014 5:00,5,3,2
7/23/2014 6:00,7,5,2
7/23/2014 7:00,24,12,12
7/23/2014 8:00,31,12,19
7/23/2014 9:00,22,7,15
7/23/2014 10:00,14,6,8
7/23/2014 11:00,10,1,9
7/23/2014 12:00,19,6,13
7/23/2014 13:00,49,9,40
7/23/2014 14:00,53,2,51
7/23/2014 15:00,24,9,15
7/23/2014 16:00,24,6,18
7/23/2014 17:00,50,4,46
7/23/2014 18:00,31,3,28
7/23/2014 19:00,23,6,17
7/23/2014 20:00,27,2,25
7/23/2014 21:00,10,0,10
7/23/2014 22:00,19,0,19
7/23/2014 23:00,3,0,3
7/24/2014 0:00,2,0,2
7/24/2014 1:00,3,0,3
7/24/2014 2:00,2,0,2
7/24/2014 3:00,6,3,3
7/24/2014 4:00,1,1,0
7/24/2014 5:00,5,2,3
7/24/2014 6:00,6,4,2
7/24/2014 7:00,26,14,12
7/24/2014 8:00,34,5,29
7/24/2014 9:00,29,5,24
7/24/2014 10:00,30,7,23
7/24/2014 11:00,25,7,18
7/24/2014 12:00,44,6,38
7/24/2014 13:00,37,6,31
7/24/2014 14:00,51,4,47
7/24/2014 15:00,44,6,38
7/24/2014 16:00,30,9,21
7/24/2014 17:00,59,7,52
7/24/2014 18:00,46,5,41
7/24/2014 19:00,37,8,29
7/24/2014 20:00,53,3,50
7/24/2014 21:00,35,3,32
7/24/2014 22:00,32,4,28
7/24/2014 23:00,7,1,6
7/25/2014 0:00,7,3,4
7/25/2014 1:00,4,0,4
7/25/2014 2:00,1,1,0
7/25/2014 3:00,5,0,5
7/25/2014 4:00,1,1,0
7/25/2014 5:00,2,2,0
7/25/2014 6:00,10,10,0
7/25/2014 7:00,24,13,11
7/25/2014 8:00,23,4,19
7/25/2014 9:00,27,10,17
7/25/2014 10:00,29,10,19
7/25/2014 11:00,34,8,26
7/25/2014 12:00,47,6,41
7/25/2014 13:00,44,5,39
7/25/2014 14:00,38,4,34
7/25/2014 15:00,47,2,45
7/25/2014 16:00,37,0,37
7/25/2014 17:00,104,7,97
7/25/2014 18:00,53,10,43
7/25/2014 19:00,41,7,34
7/25/2014 20:00,34,6,28
7/25/2014 21:00,13,3,10
7/25/2014 22:00,9,1,8
7/25/2014 23:00,10,5,5
7/26/2014 0:00,2,1,1
7/26/2014 1:00,2,2,0
7/26/2014 2:00,2,0,2
7/26/2014 3:00,2,0,2
7/26/2014 4:00,2,0,2
7/26/2014 5:00,0,0,0
7/26/2014 6:00,4,4,0
7/26/2014 7:00,9,6,3
7/26/2014 8:00,8,5,3
7/26/2014 9:00,14,10,4
7/26/2014 10:00,25,1,24
7/26/2014 11:00,24,10,14
7/26/2014 12:00,41,13,28
7/26/2014 13:00,24,9,15
7/26/2014 14:00,23,6,17
7/26/2014 15:00,42,0,42
7/26/2014 16:00,40,2,38
7/26/2014 17:00,33,2,31
7/26/2014 18:00,27,4,23
7/26/2014 19:00,26,1,25
7/26/2014 20:00,21,4,17
7/26/2014 21:00,9,1,8
7/26/2014 22:00,17,2,15
7/26/2014 23:00,20,1,19
7/27/2014 0:00,6,0,6
7/27/2014 1:00,2,2,0
7/27/2014 2:00,7,0,7
7/27/2014 3:00,0,0,0
7/27/2014 4:00,2,0,2
7/27/2014 5:00,2,0,2
7/27/2014 6:00,5,1,4
7/27/2014 7:00,9,3,6
7/27/2014 8:00,12,2,10
7/27/2014 9:00,16,9,7
7/27/2014 10:00,32,14,18
7/27/2014 11:00,11,3,8
7/27/2014 12:00,21,5,16
7/27/2014 13:00,22,5,17
7/27/2014 14:00,26,4,22
7/27/2014 15:00,31,3,28
7/27/2014 16:00,36,8,28
7/27/2014 17:00,38,7,31
7/27/2014 18:00,33,1,32
7/27/2014 19:00,42,8,34
7/27/2014 20:00,37,7,30
7/27/2014 21:00,25,6,19
7/27/2014 22:00,12,3,9
7/27/2014 23:00,0,0,0
7/28/2014 0:00,1,0,1
7/28/2014 1:00,2,0,2
7/28/2014 2:00,1,0,1
7/28/2014 3:00,3,1,2
7/28/2014 4:00,1,1,0
7/28/2014 5:00,2,2,0
7/28/2014 6:00,10,2,8
7/28/2014 7:00,29,23,6
7/28/2014 8:00,29,9,20
7/28/2014 9:00,12,9,3
7/28/2014 10:00,18,10,8
7/28/2014 11:00,21,6,15
7/28/2014 12:00,34,6,28
7/28/2014 13:00,13,4,9
7/28/2014 14:00,20,6,14
7/28/2014 15:00,32,7,25
7/28/2014 16:00,41,5,36
7/28/2014 17:00,62,9,53
7/28/2014 18:00,50,13,37
7/28/2014 19:00,30,9,21
7/28/2014 20:00,21,5,16
7/28/2014 21:00,8,3,5
7/28/2014 22:00,11,1,10
7/28/2014 23:00,8,0,8
7/29/2014 0:00,3,0,3
7/29/2014 1:00,0,0,0
7/29/2014 2:00,0,0,0
7/29/2014 3:00,6,0,6
7/29/2014 4:00,7,3,4
7/29/2014 5:00,0,0,0
7/29/2014 6:00,19,15,4
7/29/2014 7:00,33,25,8
7/29/2014 8:00,33,13,20
7/29/2014 9:00,20,7,13
7/29/2014 10:00,23,2,21
7/29/2014 11:00,20,5,15
7/29/2014 12:00,16,4,12
7/29/2014 13:00,29,12,17
7/29/2014 14:00,31,9,22
7/29/2014 15:00,29,5,24
7/29/2014 16:00,40,5,35
7/29/2014 17:00,54,8,46
7/29/2014 18:00,47,9,38
7/29/2014 19:00,49,9,40
7/29/2014 20:00,41,14,27
7/29/2014 21:00,22,6,16
7/29/2014 22:00,9,3,6
7/29/2014 23:00,8,0,8
7/30/2014 0:00,8,1,7
7/30/2014 1:00,3,1,2
7/30/2014 2:00,2,1,1
7/30/2014 3:00,0,0,0
7/30/2014 4:00,3,0,3
7/30/2014 5:00,3,3,0
7/30/2014 6:00,9,9,0
7/30/2014 7:00,20,17,3
7/30/2014 8:00,31,19,12
7/30/2014 9:00,28,19,9
7/30/2014 10:00,24,12,12
7/30/2014 11:00,31,11,20
7/30/2014 12:00,55,11,44
7/30/2014 13:00,27,4,23
7/30/2014 14:00,45,14,31
7/30/2014 15:00,47,7,40
7/30/2014 16:00,52,6,46
7/30/2014 17:00,66,8,58
7/30/2014 18:00,49,5,44
7/30/2014 19:00,54,12,42
7/30/2014 20:00,57,9,48
7/30/2014 21:00,19,8,11
7/30/2014 22:00,14,2,12
7/30/2014 23:00,3,0,3
7/31/2014 0:00,4,0,4
7/31/2014 1:00,2,0,2
7/31/2014 2:00,0,0,0
7/31/2014 3:00,1,0,1
7/31/2014 4:00,1,1,0
7/31/2014 5:00,5,2,3
7/31/2014 6:00,9,9,0
7/31/2014 7:00,24,22,2
7/31/2014 8:00,26,16,10
7/31/2014 9:00,44,15,29
7/31/2014 10:00,26,10,16
7/31/2014 11:00,39,9,30
7/31/2014 12:00,27,8,19
7/31/2014 13:00,25,9,16
7/31/2014 14:00,26,3,23
7/31/2014 15:00,43,4,39
7/31/2014 16:00,43,7,36
7/31/2014 17:00,55,11,44
7/31/2014 18:00,40,7,33
7/31/2014 19:00,54,10,44
7/31/2014 20:00,37,9,28
7/31/2014 21:00,24,1,23
7/31/2014 22:00,17,6,11
7/31/2014 23:00,5,1,4
8/1/2014 0:00,3,0,3
8/1/2014 1:00,5,0,5
8/1/2014 2:00,1,0,1
8/1/2014 3:00,2,0,2
8/1/2014 4:00,3,1,2
8/1/2014 5:00,6,2,4
8/1/2014 6:00,8,6,2
8/1/2014 7:00,15,11,4
8/1/2014 8:00,18,7,11
8/1/2014 9:00,19,10,9
8/1/2014 10:00,26,13,13
8/1/2014 11:00,33,13,20
8/1/2014 12:00,28,11,17
8/1/2014 13:00,28,10,18
8/1/2014 14:00,26,4,22
8/1/2014 15:00,38,7,31
8/1/2014 16:00,38,9,29
8/1/2014 17:00,96,6,90
8/1/2014 18:00,71,5,66
8/1/2014 19:00,45,2,43
8/1/2014 20:00,20,4,16
8/1/2014 21:00,20,0,20
8/1/2014 22:00,17,3,14
8/1/2014 23:00,13,3,10
8/2/2014 0:00,2,0,2
8/2/2014 1:00,4,0,4
8/2/2014 2:00,1,1,0
8/2/2014 3:00,3,0,3
8/2/2014 4:00,7,3,4
8/2/2014 5:00,0,0,0
8/2/2014 6:00,2,0,2
8/2/2014 7:00,11,5,6
8/2/2014 8:00,19,9,10
8/2/2014 9:00,34,12,22
8/2/2014 10:00,17,4,13
8/2/2014 11:00,48,7,41
8/2/2014 12:00,44,5,39
8/2/2014 13:00,50,5,45
8/2/2014 14:00,28,6,22
8/2/2014 15:00,35,3,32
8/2/2014 16:00,44,11,33
8/2/2014 17:00,52,3,49
8/2/2014 18:00,66,6,60
8/2/2014 19:00,48,8,40
8/2/2014 20:00,30,4,26
8/2/2014 21:00,27,7,20
8/2/2014 22:00,7,2,5
8/2/2014 23:00,11,2,9
8/3/2014 0:00,3,1,2
8/3/2014 1:00,2,0,2
8/3/2014 2:00,4,0,4
8/3/2014 3:00,7,3,4
8/3/2014 4:00,3,0,3
8/3/2014 5:00,3,0,3
8/3/2014 6:00,2,0,2
8/3/2014 7:00,2,0,2
8/3/2014 8:00,18,11,7
8/3/2014 9:00,15,5,10
8/3/2014 10:00,28,7,21
8/3/2014 11:00,29,9,20
8/3/2014 12:00,32,9,23
8/3/2014 13:00,15,4,11
8/3/2014 14:00,32,2,30
8/3/2014 15:00,27,7,20
8/3/2014 16:00,36,8,28
8/3/2014 17:00,26,3,23
8/3/2014 18:00,26,3,23
8/3/2014 19:00,31,7,24
8/3/2014 20:00,22,2,20
8/3/2014 21:00,15,0,15
8/3/2014 22:00,9,4,5
8/3/2014 23:00,4,1,3
8/4/2014 0:00,4,2,2
8/4/2014 1:00,4,0,4
8/4/2014 2:00,2,1,1
8/4/2014 3:00,3,0,3
8/4/2014 4:00,5,3,2
8/4/2014 5:00,2,2,0
8/4/2014 6:00,10,10,0
8/4/2014 7:00,28,15,13
8/4/2014 8:00,28,9,19
8/4/2014 9:00,19,6,13
8/4/2014 10:00,19,5,14
8/4/2014 11:00,19,4,15
8/4/2014 12:00,20,7,13
8/4/2014 13:00,15,1,14
8/4/2014 14:00,41,4,37
8/4/2014 15:00,47,7,40
8/4/2014 16:00,29,1,28
8/4/2014 17:00,55,6,49
8/4/2014 18:00,63,0,63
8/4/2014 19:00,70,5,65
8/4/2014 20:00,32,4,28
8/4/2014 21:00,14,4,10
8/4/2014 22:00,11,0,11
8/4/2014 23:00,6,2,4
8/5/2014 0:00,4,2,2
8/5/2014 1:00,0,0,0
8/5/2014 2:00,0,0,0
8/5/2014 3:00,0,0,0
8/5/2014 4:00,2,1,1
8/5/2014 5:00,1,1,0
8/5/2014 6:00,16,11,5
8/5/2014 7:00,25,18,7
8/5/2014 8:00,28,13,15
8/5/2014 9:00,24,9,15
8/5/2014 10:00,10,5,5
8/5/2014 11:00,30,6,24
8/5/2014 12:00,22,7,15
8/5/2014 13:00,21,4,17
8/5/2014 14:00,41,6,35
8/5/2014 15:00,31,7,24
8/5/2014 16:00,31,4,27
8/5/2014 17:00,41,3,38
8/5/2014 18:00,34,3,31
8/5/2014 19:00,30,4,26
8/5/2014 20:00,28,6,22
8/5/2014 21:00,7,0,7
8/5/2014 22:00,5,1,4
8/5/2014 23:00,2,0,2
8/6/2014 0:00,6,2,4
8/6/2014 1:00,2,0,2
8/6/2014 2:00,2,0,2
8/6/2014 3:00,3,0,3
8/6/2014 4:00,2,2,0
8/6/2014 5:00,4,4,0
8/6/2014 6:00,15,10,5
8/6/2014 7:00,25,18,7
8/6/2014 8:00,46,18,28
8/6/2014 9:00,22,8,14
8/6/2014 10:00,22,6,16
8/6/2014 11:00,35,9,26
8/6/2014 12:00,15,4,11
8/6/2014 13:00,20,8,12
8/6/2014 14:00,20,4,16
8/6/2014 15:00,30,6,24
8/6/2014 16:00,52,5,47
8/6/2014 17:00,61,5,56
8/6/2014 18:00,53,10,43
8/6/2014 19:00,30,4,26
8/6/2014 20:00,39,9,30
8/6/2014 21:00,26,3,23
8/6/2014 22:00,9,1,8
8/6/2014 23:00,8,2,6
8/7/2014 0:00,1,0,1
8/7/2014 1:00,1,0,1
8/7/2014 2:00,1,0,1
8/7/2014 3:00,5,2,3
8/7/2014 4:00,2,2,0
8/7/2014 5:00,1,1,0
8/7/2014 6:00,9,9,0
8/7/2014 7:00,23,12,11
8/7/2014 8:00,31,14,17
8/7/2014 9:00,27,9,18
8/7/2014 10:00,20,3,17
8/7/2014 11:00,19,8,11
8/7/2014 12:00,19,2,17
8/7/2014 13:00,46,7,39
8/7/2014 14:00,25,1,24
8/7/2014 15:00,21,2,19
8/7/2014 16:00,70,12,58
8/7/2014 17:00,55,9,46
8/7/2014 18:00,46,5,41
8/7/2014 19:00,26,4,22
8/7/2014 20:00,22,3,19
8/7/2014 21:00,22,2,20
8/7/2014 22:00,9,2,7
8/7/2014 23:00,6,0,6
8/8/2014 0:00,4,2,2
8/8/2014 1:00,3,0,3
8/8/2014 2:00,1,0,1
8/8/2014 3:00,2,0,2
8/8/2014 4:00,7,3,4
8/8/2014 5:00,2,2,0
8/8/2014 6:00,4,4,0
8/8/2014 7:00,36,20,16
8/8/2014 8:00,25,10,15
8/8/2014 9:00,22,6,16
8/8/2014 10:00,25,4,21
8/8/2014 11:00,29,11,18
8/8/2014 12:00,31,12,19
8/8/2014 13:00,30,3,27
8/8/2014 14:00,21,6,15
8/8/2014 15:00,20,1,19
8/8/2014 16:00,47,6,41
8/8/2014 17:00,51,7,44
8/8/2014 18:00,47,7,40
8/8/2014 19:00,33,11,22
8/8/2014 20:00,35,7,28
8/8/2014 21:00,23,4,19
8/8/2014 22:00,16,4,12
8/8/2014 23:00,3,1,2
8/9/2014 0:00,5,3,2
8/9/2014 1:00,2,0,2
8/9/2014 2:00,6,2,4
8/9/2014 3:00,0,0,0
8/9/2014 4:00,2,0,2
8/9/2014 5:00,0,0,0
8/9/2014 6:00,4,2,2
8/9/2014 7:00,6,1,5
8/9/2014 8:00,10,8,2
8/9/2014 9:00,29,8,21
8/9/2014 10:00,37,9,28
8/9/2014 11:00,80,19,61
8/9/2014 12:00,93,12,81
8/9/2014 13:00,100,21,79
8/9/2014 14:00,84,16,68
8/9/2014 15:00,55,11,44
8/9/2014 16:00,29,4,25
8/9/2014 17:00,27,10,17
8/9/2014 18:00,30,8,22
8/9/2014 19:00,27,6,21
8/9/2014 20:00,30,7,23
8/9/2014 21:00,14,0,14
8/9/2014 22:00,15,3,12
8/9/2014 23:00,14,1,13
8/10/2014 0:00,5,2,3
8/10/2014 1:00,2,0,2
8/10/2014 2:00,4,0,4
8/10/2014 3:00,2,0,2
8/10/2014 4:00,2,0,2
8/10/2014 5:00,2,0,2
8/10/2014 6:00,0,0,0
8/10/2014 7:00,3,1,2
8/10/2014 8:00,5,1,4
8/10/2014 9:00,15,7,8
8/10/2014 10:00,23,9,14
8/10/2014 11:00,26,8,18
8/10/2014 12:00,26,7,19
8/10/2014 13:00,16,7,9
8/10/2014 14:00,31,3,28
8/10/2014 15:00,32,4,28
8/10/2014 16:00,21,6,15
8/10/2014 17:00,43,11,32
8/10/2014 18:00,28,5,23
8/10/2014 19:00,24,2,22
8/10/2014 20:00,18,5,13
8/10/2014 21:00,17,0,17
8/10/2014 22:00,8,3,5
8/10/2014 23:00,11,3,8
8/11/2014 0:00,3,3,0
8/11/2014 1:00,0,0,0
8/11/2014 2:00,0,0,0
8/11/2014 3:00,1,0,1
8/11/2014 4:00,2,0,2
8/11/2014 5:00,8,6,2
8/11/2014 6:00,12,12,0
8/11/2014 7:00,23,23,0
8/11/2014 8:00,20,12,8
8/11/2014 9:00,19,5,14
8/11/2014 10:00,19,6,13
8/11/2014 11:00,10,6,4
8/11/2014 12:00,23,2,21
8/11/2014 13:00,13,0,13
8/11/2014 14:00,45,6,39
8/11/2014 15:00,37,4,33
8/11/2014 16:00,28,8,20
8/11/2014 17:00,53,6,47
8/11/2014 18:00,48,9,39
8/11/2014 19:00,42,5,37
8/11/2014 20:00,45,5,40
8/11/2014 21:00,27,4,23
8/11/2014 22:00,16,3,13
8/11/2014 23:00,6,0,6
8/12/2014 0:00,2,0,2
8/12/2014 1:00,3,0,3
8/12/2014 2:00,0,0,0
8/12/2014 3:00,2,0,2
8/12/2014 4:00,0,0,0
8/12/2014 5:00,3,1,2
8/12/2014 6:00,18,14,4
8/12/2014 7:00,20,15,5
8/12/2014 8:00,18,11,7
8/12/2014 9:00,16,10,6
8/12/2014 10:00,6,3,3
8/12/2014 11:00,18,11,7
8/12/2014 12:00,24,5,19
8/12/2014 13:00,17,5,12
8/12/2014 14:00,24,9,15
8/12/2014 15:00,23,6,17
8/12/2014 16:00,26,6,20
8/12/2014 17:00,47,15,32
8/12/2014 18:00,52,13,39
8/12/2014 19:00,38,6,32
8/12/2014 20:00,22,7,15
8/12/2014 21:00,12,5,7
8/12/2014 22:00,29,3,26
8/12/2014 23:00,10,0,10
8/13/2014 0:00,8,0,8
8/13/2014 1:00,3,0,3
8/13/2014 2:00,0,0,0
8/13/2014 3:00,4,0,4
8/13/2014 4:00,2,0,2
8/13/2014 5:00,8,2,6
8/13/2014 6:00,11,5,6
8/13/2014 7:00,45,18,27
8/13/2014 8:00,29,7,22
8/13/2014 9:00,58,5,53
8/13/2014 10:00,79,4,75
8/13/2014 11:00,110,11,99
8/13/2014 12:00,93,4,89
8/13/2014 13:00,102,4,98
8/13/2014 14:00,88,9,79
8/13/2014 15:00,83,7,76
8/13/2014 16:00,62,7,55
8/13/2014 17:00,153,8,145
8/13/2014 18:00,206,11,195
8/13/2014 19:00,107,6,101
8/13/2014 20:00,65,10,55
8/13/2014 21:00,40,7,33
8/13/2014 22:00,38,4,34
8/13/2014 23:00,4,0,4
8/14/2014 0:00,9,2,7
8/14/2014 1:00,4,0,4
8/14/2014 2:00,1,0,1
8/14/2014 3:00,4,0,4
8/14/2014 4:00,2,2,0
8/14/2014 5:00,4,2,2
8/14/2014 6:00,8,8,0
8/14/2014 7:00,38,21,17
8/14/2014 8:00,27,9,18
8/14/2014 9:00,32,8,24
8/14/2014 10:00,36,10,26
8/14/2014 11:00,32,7,25
8/14/2014 12:00,52,11,41
8/14/2014 13:00,45,6,39
8/14/2014 14:00,44,5,39
8/14/2014 15:00,50,14,36
8/14/2014 16:00,47,6,41
8/14/2014 17:00,116,11,105
8/14/2014 18:00,64,16,48
8/14/2014 19:00,50,5,45
8/14/2014 20:00,45,4,41
8/14/2014 21:00,15,2,13
8/14/2014 22:00,4,0,4
8/14/2014 23:00,5,0,5
8/15/2014 0:00,8,3,5
8/15/2014 1:00,4,2,2
8/15/2014 2:00,2,0,2
8/15/2014 3:00,2,0,2
8/15/2014 4:00,1,1,0
8/15/2014 5:00,0,0,0
8/15/2014 6:00,8,6,2
8/15/2014 7:00,17,9,8
8/15/2014 8:00,22,8,14
8/15/2014 9:00,17,4,13
8/15/2014 10:00,17,2,15
8/15/2014 11:00,26,5,21
8/15/2014 12:00,53,8,45
8/15/2014 13:00,29,3,26
8/15/2014 14:00,37,3,34
8/15/2014 15:00,39,4,35
8/15/2014 16:00,46,5,41
8/15/2014 17:00,48,7,41
8/15/2014 18:00,47,0,47
8/15/2014 19:00,40,4,36
8/15/2014 20:00,24,0,24
8/15/2014 21:00,21,1,20
8/15/2014 22:00,31,3,28
8/15/2014 23:00,9,1,8
8/16/2014 0:00,8,4,4
8/16/2014 1:00,5,1,4
8/16/2014 2:00,3,0,3
8/16/2014 3:00,2,0,2
8/16/2014 4:00,3,1,2
8/16/2014 5:00,7,1,6
8/16/2014 6:00,2,2,0
8/16/2014 7:00,3,1,2
8/16/2014 8:00,5,3,2
8/16/2014 9:00,28,11,17
8/16/2014 10:00,28,11,17
8/16/2014 11:00,35,7,28
8/16/2014 12:00,22,1,21
8/16/2014 13:00,19,5,14
8/16/2014 14:00,35,7,28
8/16/2014 15:00,28,5,23
8/16/2014 16:00,43,6,37
8/16/2014 17:00,47,3,44
8/16/2014 18:00,26,6,20
8/16/2014 19:00,32,5,27
8/16/2014 20:00,34,3,31
8/16/2014 21:00,28,4,24
8/16/2014 22:00,20,3,17
8/16/2014 23:00,8,0,8
8/17/2014 0:00,9,0,9
8/17/2014 1:00,8,4,4
8/17/2014 2:00,3,0,3
8/17/2014 3:00,2,0,2
8/17/2014 4:00,2,0,2
8/17/2014 5:00,0,0,0
8/17/2014 6:00,6,0,6
8/17/2014 7:00,8,0,8
8/17/2014 8:00,4,0,4
8/17/2014 9:00,14,9,5
8/17/2014 10:00,18,2,16
8/17/2014 11:00,27,6,21
8/17/2014 12:00,31,6,25
8/17/2014 13:00,35,5,30
8/17/2014 14:00,28,3,25
8/17/2014 15:00,29,2,27
8/17/2014 16:00,30,10,20
8/17/2014 17:00,54,6,48
8/17/2014 18:00,32,5,27
8/17/2014 19:00,19,3,16
8/17/2014 20:00,27,3,24
8/17/2014 21:00,16,0,16
8/17/2014 22:00,16,2,14
8/17/2014 23:00,8,2,6
8/18/2014 0:00,4,0,4
8/18/2014 1:00,2,0,2
8/18/2014 2:00,0,0,0
8/18/2014 3:00,0,0,0
8/18/2014 4:00,1,1,0
8/18/2014 5:00,4,4,0
8/18/2014 6:00,18,10,8
8/18/2014 7:00,33,16,17
8/18/2014 8:00,40,12,28
8/18/2014 9:00,21,7,14
8/18/2014 10:00,34,10,24
8/18/2014 11:00,36,9,27
8/18/2014 12:00,27,4,23
8/18/2014 13:00,25,1,24
8/18/2014 14:00,35,3,32
8/18/2014 15:00,32,4,28
8/18/2014 16:00,50,7,43
8/18/2014 17:00,93,4,89
8/18/2014 18:00,104,7,97
8/18/2014 19:00,81,8,73
8/18/2014 20:00,54,7,47
8/18/2014 21:00,24,3,21
8/18/2014 22:00,5,1,4
8/18/2014 23:00,8,4,4
8/19/2014 0:00,8,0,8
8/19/2014 1:00,0,0,0
8/19/2014 2:00,0,0,0
8/19/2014 3:00,0,0,0
8/19/2014 4:00,4,2,2
8/19/2014 5:00,2,2,0
8/19/2014 6:00,14,12,2
8/19/2014 7:00,40,28,12
8/19/2014 8:00,25,12,13
8/19/2014 9:00,30,14,16
8/19/2014 10:00,34,1,33
8/19/2014 11:00,46,6,40
8/19/2014 12:00,39,9,30
8/19/2014 13:00,30,5,25
8/19/2014 14:00,45,7,38
8/19/2014 15:00,52,5,47
8/19/2014 16:00,55,10,45
8/19/2014 17:00,83,6,77
8/19/2014 18:00,94,8,86
8/19/2014 19:00,71,15,56
8/19/2014 20:00,44,13,31
8/19/2014 21:00,16,1,15
8/19/2014 22:00,3,0,3
8/19/2014 23:00,6,0,6
8/20/2014 0:00,3,1,2
8/20/2014 1:00,3,0,3
8/20/2014 2:00,0,0,0
8/20/2014 3:00,0,0,0
8/20/2014 4:00,0,0,0
8/20/2014 5:00,3,3,0
8/20/2014 6:00,10,9,1
8/20/2014 7:00,30,18,12
8/20/2014 8:00,48,23,25
8/20/2014 9:00,53,15,38
8/20/2014 10:00,45,9,36
8/20/2014 11:00,61,8,53
8/20/2014 12:00,45,5,40
8/20/2014 13:00,53,3,50
8/20/2014 14:00,46,8,38
8/20/2014 15:00,43,11,32
8/20/2014 16:00,57,6,51
8/20/2014 17:00,84,3,81
8/20/2014 18:00,71,5,66
8/20/2014 19:00,34,4,30
8/20/2014 20:00,39,12,27
8/20/2014 21:00,16,4,12
8/20/2014 22:00,20,4,16
8/20/2014 23:00,9,0,9
8/21/2014 0:00,0,0,0
8/21/2014 1:00,6,2,4
8/21/2014 2:00,0,0,0
8/21/2014 3:00,4,0,4
8/21/2014 4:00,1,1,0
8/21/2014 5:00,1,1,0
8/21/2014 6:00,11,9,2
8/21/2014 7:00,28,19,9
8/21/2014 8:00,30,15,15
8/21/2014 9:00,31,12,19
8/21/2014 10:00,35,4,31
8/21/2014 11:00,22,4,18
8/21/2014 12:00,44,6,38
8/21/2014 13:00,43,10,33
8/21/2014 14:00,59,12,47
8/21/2014 15:00,49,1,48
8/21/2014 16:00,41,7,34
8/21/2014 17:00,108,10,98
8/21/2014 18:00,69,2,67
8/21/2014 19:00,73,3,70
8/21/2014 20:00,27,4,23
8/21/2014 21:00,13,2,11
8/21/2014 22:00,7,4,3
8/21/2014 23:00,6,1,5
8/22/2014 0:00,4,1,3
8/22/2014 1:00,2,0,2
8/22/2014 2:00,1,0,1
8/22/2014 3:00,0,0,0
8/22/2014 4:00,5,1,4
8/22/2014 5:00,1,1,0
8/22/2014 6:00,6,5,1
8/22/2014 7:00,19,15,4
8/22/2014 8:00,27,13,14
8/22/2014 9:00,21,10,11
8/22/2014 10:00,27,11,16
8/22/2014 11:00,14,5,9
8/22/2014 12:00,22,8,14
8/22/2014 13:00,18,6,12
8/22/2014 14:00,24,9,15
8/22/2014 15:00,29,1,28
8/22/2014 16:00,41,5,36
8/22/2014 17:00,43,9,34
8/22/2014 18:00,40,9,31
8/22/2014 19:00,18,3,15
8/22/2014 20:00,15,2,13
8/22/2014 21:00,12,4,8
8/22/2014 22:00,9,1,8
8/22/2014 23:00,5,3,2
8/23/2014 0:00,4,2,2
8/23/2014 1:00,2,0,2
8/23/2014 2:00,3,1,2
8/23/2014 3:00,1,0,1
8/23/2014 4:00,0,0,0
8/23/2014 5:00,2,0,2
8/23/2014 6:00,2,0,2
8/23/2014 7:00,12,3,9
8/23/2014 8:00,4,2,2
8/23/2014 9:00,16,6,10
8/23/2014 10:00,14,4,10
8/23/2014 11:00,21,10,11
8/23/2014 12:00,30,2,28
8/23/2014 13:00,21,3,18
8/23/2014 14:00,21,2,19
8/23/2014 15:00,33,3,30
8/23/2014 16:00,26,4,22
8/23/2014 17:00,22,3,19
8/23/2014 18:00,23,7,16
8/23/2014 19:00,17,4,13
8/23/2014 20:00,8,0,8
8/23/2014 21:00,9,1,8
8/23/2014 22:00,2,0,2
8/23/2014 23:00,27,1,26
8/24/2014 0:00,4,2,2
8/24/2014 1:00,9,0,9
8/24/2014 2:00,1,0,1
8/24/2014 3:00,0,0,0
8/24/2014 4:00,1,1,0
8/24/2014 5:00,0,0,0
8/24/2014 6:00,2,0,2
8/24/2014 7:00,5,1,4
8/24/2014 8:00,14,5,9
8/24/2014 9:00,10,6,4
8/24/2014 10:00,12,1,11
8/24/2014 11:00,32,9,23
8/24/2014 12:00,26,5,21
8/24/2014 13:00,17,3,14
8/24/2014 14:00,24,2,22
8/24/2014 15:00,18,2,16
8/24/2014 16:00,27,4,23
8/24/2014 17:00,35,10,25
8/24/2014 18:00,14,1,13
8/24/2014 19:00,27,2,25
8/24/2014 20:00,17,6,11
8/24/2014 21:00,20,2,18
8/24/2014 22:00,18,6,12
8/24/2014 23:00,6,0,6
8/25/2014 0:00,0,0,0
8/25/2014 1:00,0,0,0
8/25/2014 2:00,3,0,3
8/25/2014 3:00,0,0,0
8/25/2014 4:00,4,2,2
8/25/2014 5:00,5,5,0
8/25/2014 6:00,12,8,4
8/25/2014 7:00,22,21,1
8/25/2014 8:00,28,18,10
8/25/2014 9:00,34,20,14
8/25/2014 10:00,28,11,17
8/25/2014 11:00,25,5,20
8/25/2014 12:00,15,10,5
8/25/2014 13:00,26,6,20
8/25/2014 14:00,28,7,21
8/25/2014 15:00,22,6,16
8/25/2014 16:00,35,5,30
8/25/2014 17:00,75,11,64
8/25/2014 18:00,39,10,29
8/25/2014 19:00,36,2,34
8/25/2014 20:00,35,4,31
8/25/2014 21:00,24,3,21
8/25/2014 22:00,24,5,19
8/25/2014 23:00,8,0,8
8/26/2014 0:00,4,0,4
8/26/2014 1:00,3,0,3
8/26/2014 2:00,6,0,6
8/26/2014 3:00,0,0,0
8/26/2014 4:00,2,2,0
8/26/2014 5:00,8,3,5
8/26/2014 6:00,23,10,13
8/26/2014 7:00,41,27,14
8/26/2014 8:00,26,16,10
8/26/2014 9:00,39,17,22
8/26/2014 10:00,23,7,16
8/26/2014 11:00,25,5,20
8/26/2014 12:00,12,7,5
8/26/2014 13:00,36,13,23
8/26/2014 14:00,49,13,36
8/26/2014 15:00,38,11,27
8/26/2014 16:00,31,7,24
8/26/2014 17:00,84,18,66
8/26/2014 18:00,67,19,48
8/26/2014 19:00,53,12,41
8/26/2014 20:00,33,7,26
8/26/2014 21:00,14,2,12
8/26/2014 22:00,9,3,6
8/26/2014 23:00,1,0,1
8/27/2014 0:00,3,0,3
8/27/2014 1:00,1,0,1
8/27/2014 2:00,1,0,1
8/27/2014 3:00,2,2,0
8/27/2014 4:00,7,2,5
8/27/2014 5:00,2,2,0
8/27/2014 6:00,16,12,4
8/27/2014 7:00,18,17,1
8/27/2014 8:00,48,21,27
8/27/2014 9:00,43,14,29
8/27/2014 10:00,27,3,24
8/27/2014 11:00,18,4,14
8/27/2014 12:00,24,4,20
8/27/2014 13:00,24,5,19
8/27/2014 14:00,46,7,39
8/27/2014 15:00,52,19,33
8/27/2014 16:00,65,25,40
8/27/2014 17:00,66,12,54
8/27/2014 18:00,69,3,66
8/27/2014 19:00,47,5,42
8/27/2014 20:00,39,10,29
8/27/2014 21:00,14,6,8
8/27/2014 22:00,8,1,7
8/27/2014 23:00,4,1,3
8/28/2014 0:00,0,0,0
8/28/2014 1:00,5,1,4
8/28/2014 2:00,0,0,0
8/28/2014 3:00,2,0,2
8/28/2014 4:00,3,3,0
8/28/2014 5:00,5,2,3
8/28/2014 6:00,8,6,2
8/28/2014 7:00,20,15,5
8/28/2014 8:00,37,16,21
8/28/2014 9:00,28,14,14
8/28/2014 10:00,21,7,14
8/28/2014 11:00,16,9,7
8/28/2014 12:00,21,8,13
8/28/2014 13:00,27,4,23
8/28/2014 14:00,42,5,37
8/28/2014 15:00,50,16,34
8/28/2014 16:00,56,15,41
8/28/2014 17:00,150,15,135
8/28/2014 18:00,77,14,63
8/28/2014 19:00,37,10,27
8/28/2014 20:00,47,18,29
8/28/2014 21:00,19,1,18
8/28/2014 22:00,16,5,11
8/28/2014 23:00,14,2,12
8/29/2014 0:00,2,0,2
8/29/2014 1:00,0,0,0
8/29/2014 2:00,2,2,0
8/29/2014 3:00,0,0,0
8/29/2014 4:00,1,1,0
8/29/2014 5:00,2,2,0
8/29/2014 6:00,12,8,4
8/29/2014 7:00,20,17,3
8/29/2014 8:00,25,8,17
8/29/2014 9:00,21,13,8
8/29/2014 10:00,14,6,8
8/29/2014 11:00,40,11,29
8/29/2014 12:00,34,9,25
8/29/2014 13:00,31,2,29
8/29/2014 14:00,27,7,20
8/29/2014 15:00,18,3,15
8/29/2014 16:00,43,8,35
8/29/2014 17:00,45,7,38
8/29/2014 18:00,39,6,33
8/29/2014 19:00,21,4,17
8/29/2014 20:00,29,10,19
8/29/2014 21:00,23,7,16
8/29/2014 22:00,4,2,2
8/29/2014 23:00,2,1,1
8/30/2014 0:00,4,1,3
8/30/2014 1:00,2,0,2
8/30/2014 2:00,2,0,2
8/30/2014 3:00,0,0,0
8/30/2014 4:00,0,0,0
8/30/2014 5:00,0,0,0
8/30/2014 6:00,3,3,0
8/30/2014 7:00,6,4,2
8/30/2014 8:00,14,1,13
8/30/2014 9:00,12,4,8
8/30/2014 10:00,19,8,11
8/30/2014 11:00,18,4,14
8/30/2014 12:00,26,5,21
8/30/2014 13:00,41,7,34
8/30/2014 14:00,23,4,19
8/30/2014 15:00,40,8,32
8/30/2014 16:00,41,4,37
8/30/2014 17:00,37,2,35
8/30/2014 18:00,14,0,14
8/30/2014 19:00,10,2,8
8/30/2014 20:00,13,1,12
8/30/2014 21:00,9,3,6
8/30/2014 22:00,6,2,4
8/30/2014 23:00,4,0,4
8/31/2014 0:00,1,0,1
8/31/2014 1:00,0,0,0
8/31/2014 2:00,4,0,4
8/31/2014 3:00,4,0,4
8/31/2014 4:00,0,0,0
8/31/2014 5:00,0,0,0
8/31/2014 6:00,0,0,0
8/31/2014 7:00,2,0,2
8/31/2014 8:00,6,3,3
8/31/2014 9:00,14,3,11
8/31/2014 10:00,12,4,8
8/31/2014 11:00,25,9,16
8/31/2014 12:00,32,4,28
8/31/2014 13:00,25,7,18
8/31/2014 14:00,40,4,36
8/31/2014 15:00,38,2,36
8/31/2014 16:00,27,4,23
8/31/2014 17:00,41,6,35
8/31/2014 18:00,17,5,12
8/31/2014 19:00,20,1,19
8/31/2014 20:00,10,1,9
8/31/2014 21:00,8,2,6
8/31/2014 22:00,8,2,6
8/31/2014 23:00,12,4,8
9/1/2014 0:00,8,0,8
9/1/2014 1:00,14,1,13
9/1/2014 2:00,8,0,8
9/1/2014 3:00,0,0,0
9/1/2014 4:00,4,0,4
9/1/2014 5:00,0,0,0
9/1/2014 6:00,7,1,6
9/1/2014 7:00,21,7,14
9/1/2014 8:00,5,2,3
9/1/2014 9:00,18,11,7
9/1/2014 10:00,13,6,7
9/1/2014 11:00,16,1,15
9/1/2014 12:00,28,14,14
9/1/2014 13:00,26,9,17
9/1/2014 14:00,24,6,18
9/1/2014 15:00,21,3,18
9/1/2014 16:00,50,4,46
9/1/2014 17:00,62,5,57
9/1/2014 18:00,80,15,65
9/1/2014 19:00,47,1,46
9/1/2014 20:00,33,3,30
9/1/2014 21:00,30,2,28
9/1/2014 22:00,10,0,10
9/1/2014 23:00,17,0,17
9/2/2014 0:00,5,1,4
9/2/2014 1:00,9,1,8
9/2/2014 2:00,1,1,0
9/2/2014 3:00,0,0,0
9/2/2014 4:00,4,2,2
9/2/2014 5:00,9,3,6
9/2/2014 6:00,21,10,11
9/2/2014 7:00,41,20,21
9/2/2014 8:00,27,14,13
9/2/2014 9:00,31,14,17
9/2/2014 10:00,21,11,10
9/2/2014 11:00,26,2,24
9/2/2014 12:00,42,12,30
9/2/2014 13:00,22,5,17
9/2/2014 14:00,25,4,21
9/2/2014 15:00,46,13,33
9/2/2014 16:00,63,27,36
9/2/2014 17:00,109,27,82
9/2/2014 18:00,146,14,132
9/2/2014 19:00,86,9,77
9/2/2014 20:00,57,19,38
9/2/2014 21:00,21,3,18
9/2/2014 22:00,5,1,4
9/2/2014 23:00,8,2,6
9/3/2014 0:00,2,0,2
9/3/2014 1:00,4,0,4
9/3/2014 2:00,0,0,0
9/3/2014 3:00,0,0,0
9/3/2014 4:00,3,3,0
9/3/2014 5:00,3,1,2
9/3/2014 6:00,16,11,5
9/3/2014 7:00,33,18,15
9/3/2014 8:00,34,14,20
9/3/2014 9:00,52,14,38
9/3/2014 10:00,30,12,18
9/3/2014 11:00,24,4,20
9/3/2014 12:00,31,6,25
9/3/2014 13:00,21,7,14
9/3/2014 14:00,26,3,23
9/3/2014 15:00,35,15,20
9/3/2014 16:00,77,10,67
9/3/2014 17:00,189,11,178
9/3/2014 18:00,137,13,124
9/3/2014 19:00,81,12,69
9/3/2014 20:00,68,10,58
9/3/2014 21:00,36,4,32
9/3/2014 22:00,11,1,10
9/3/2014 23:00,8,1,7
9/4/2014 0:00,4,0,4
9/4/2014 1:00,2,2,0
9/4/2014 2:00,2,0,2
9/4/2014 3:00,3,2,1
9/4/2014 4:00,6,4,2
9/4/2014 5:00,6,2,4
9/4/2014 6:00,23,12,11
9/4/2014 7:00,54,28,26
9/4/2014 8:00,56,15,41
9/4/2014 9:00,52,8,44
9/4/2014 10:00,31,6,25
9/4/2014 11:00,20,3,17
9/4/2014 12:00,32,8,24
9/4/2014 13:00,34,4,30
9/4/2014 14:00,41,4,37
9/4/2014 15:00,71,10,61
9/4/2014 16:00,103,8,95
9/4/2014 17:00,174,24,150
9/4/2014 18:00,107,13,94
9/4/2014 19:00,55,6,49
9/4/2014 20:00,26,9,17
9/4/2014 21:00,16,4,12
9/4/2014 22:00,7,2,5
9/4/2014 23:00,4,0,4
9/5/2014 0:00,7,0,7
9/5/2014 1:00,0,0,0
9/5/2014 2:00,2,0,2
9/5/2014 3:00,3,0,3
9/5/2014 4:00,3,3,0
9/5/2014 5:00,3,3,0
9/5/2014 6:00,10,4,6
9/5/2014 7:00,23,17,6
9/5/2014 8:00,36,21,15
9/5/2014 9:00,35,7,28
9/5/2014 10:00,32,7,25
9/5/2014 11:00,58,10,48
9/5/2014 12:00,37,10,27
9/5/2014 13:00,35,3,32
9/5/2014 14:00,32,3,29
9/5/2014 15:00,32,6,26
9/5/2014 16:00,44,13,31
9/5/2014 17:00,113,16,97
9/5/2014 18:00,94,17,77
9/5/2014 19:00,80,12,68
9/5/2014 20:00,63,9,54
9/5/2014 21:00,30,7,23
9/5/2014 22:00,19,3,16
9/5/2014 23:00,3,1,2
9/6/2014 0:00,12,1,11
9/6/2014 1:00,9,1,8
9/6/2014 2:00,5,0,5
9/6/2014 3:00,2,0,2
9/6/2014 4:00,1,1,0
9/6/2014 5:00,0,0,0
9/6/2014 6:00,7,1,6
9/6/2014 7:00,7,2,5
9/6/2014 8:00,13,7,6
9/6/2014 9:00,22,10,12
9/6/2014 10:00,39,10,29
9/6/2014 11:00,40,14,26
9/6/2014 12:00,35,14,21
9/6/2014 13:00,72,14,58
9/6/2014 14:00,95,13,82
9/6/2014 15:00,80,4,76
9/6/2014 16:00,43,7,36
9/6/2014 17:00,45,2,43
9/6/2014 18:00,20,3,17
9/6/2014 19:00,28,6,22
9/6/2014 20:00,25,2,23
9/6/2014 21:00,20,2,18
9/6/2014 22:00,16,1,15
9/6/2014 23:00,9,0,9
9/7/2014 0:00,2,0,2
9/7/2014 1:00,6,1,5
9/7/2014 2:00,2,0,2
9/7/2014 3:00,2,0,2
9/7/2014 4:00,7,3,4
9/7/2014 5:00,0,0,0
9/7/2014 6:00,7,1,6
9/7/2014 7:00,13,3,10
9/7/2014 8:00,19,6,13
9/7/2014 9:00,22,3,19
9/7/2014 10:00,40,5,35
9/7/2014 11:00,23,6,17
9/7/2014 12:00,27,4,23
9/7/2014 13:00,23,7,16
9/7/2014 14:00,64,12,52
9/7/2014 15:00,78,11,67
9/7/2014 16:00,51,9,42
9/7/2014 17:00,30,2,28
9/7/2014 18:00,31,8,23
9/7/2014 19:00,19,1,18
9/7/2014 20:00,30,2,28
9/7/2014 21:00,11,1,10
9/7/2014 22:00,18,0,18
9/7/2014 23:00,4,2,2
9/8/2014 0:00,0,0,0
9/8/2014 1:00,4,0,4
9/8/2014 2:00,1,1,0
9/8/2014 3:00,1,1,0
9/8/2014 4:00,4,0,4
9/8/2014 5:00,4,4,0
9/8/2014 6:00,12,10,2
9/8/2014 7:00,24,12,12
9/8/2014 8:00,33,12,21
9/8/2014 9:00,29,8,21
9/8/2014 10:00,25,6,19
9/8/2014 11:00,12,3,9
9/8/2014 12:00,15,4,11
9/8/2014 13:00,26,2,24
9/8/2014 14:00,61,12,49
9/8/2014 15:00,48,8,40
9/8/2014 16:00,79,12,67
9/8/2014 17:00,156,9,147
9/8/2014 18:00,104,15,89
9/8/2014 19:00,105,8,97
9/8/2014 20:00,31,5,26
9/8/2014 21:00,15,6,9
9/8/2014 22:00,3,1,2
9/8/2014 23:00,12,0,12
9/9/2014 0:00,2,2,0
9/9/2014 1:00,8,0,8
9/9/2014 2:00,1,0,1
9/9/2014 3:00,0,0,0
9/9/2014 4:00,1,0,1
9/9/2014 5:00,5,5,0
9/9/2014 6:00,11,9,2
9/9/2014 7:00,31,16,15
9/9/2014 8:00,37,15,22
9/9/2014 9:00,36,11,25
9/9/2014 10:00,23,10,13
9/9/2014 11:00,23,6,17
9/9/2014 12:00,25,5,20
9/9/2014 13:00,35,3,32
9/9/2014 14:00,30,5,25
9/9/2014 15:00,32,10,22
9/9/2014 16:00,55,11,44
9/9/2014 17:00,127,9,118
9/9/2014 18:00,130,18,112
9/9/2014 19:00,109,16,93
9/9/2014 20:00,32,6,26
9/9/2014 21:00,26,3,23
9/9/2014 22:00,12,5,7
9/9/2014 23:00,11,0,11
9/10/2014 0:00,2,1,1
9/10/2014 1:00,0,0,0
9/10/2014 2:00,3,1,2
9/10/2014 3:00,0,0,0
9/10/2014 4:00,7,5,2
9/10/2014 5:00,4,4,0
9/10/2014 6:00,11,9,2
9/10/2014 7:00,58,33,25
9/10/2014 8:00,62,30,32
9/10/2014 9:00,30,7,23
9/10/2014 10:00,25,4,21
9/10/2014 11:00,40,2,38
9/10/2014 12:00,45,6,39
9/10/2014 13:00,54,4,50
9/10/2014 14:00,52,12,40
9/10/2014 15:00,56,6,50
9/10/2014 16:00,60,6,54
9/10/2014 17:00,85,9,76
9/10/2014 18:00,77,11,66
9/10/2014 19:00,39,9,30
9/10/2014 20:00,40,12,28
9/10/2014 21:00,3,1,2
9/10/2014 22:00,14,4,10
9/10/2014 23:00,5,1,4
9/11/2014 0:00,4,0,4
9/11/2014 1:00,2,0,2
9/11/2014 2:00,2,2,0
9/11/2014 3:00,0,0,0
9/11/2014 4:00,3,3,0
9/11/2014 5:00,3,3,0
9/11/2014 6:00,11,7,4
9/11/2014 7:00,41,20,21
9/11/2014 8:00,41,19,22
9/11/2014 9:00,35,7,28
9/11/2014 10:00,18,7,11
9/11/2014 11:00,46,9,37
9/11/2014 12:00,59,2,57
9/11/2014 13:00,43,7,36
9/11/2014 14:00,69,2,67
9/11/2014 15:00,63,7,56
9/11/2014 16:00,94,14,80
9/11/2014 17:00,157,18,139
9/11/2014 18:00,117,13,104
9/11/2014 19:00,63,11,52
9/11/2014 20:00,28,4,24
9/11/2014 21:00,16,4,12
9/11/2014 22:00,14,2,12
9/11/2014 23:00,7,3,4
9/12/2014 0:00,1,1,0
9/12/2014 1:00,1,1,0
9/12/2014 2:00,1,1,0
9/12/2014 3:00,0,0,0
9/12/2014 4:00,2,2,0
9/12/2014 5:00,4,4,0
9/12/2014 6:00,6,5,1
9/12/2014 7:00,38,15,23
9/12/2014 8:00,37,22,15
9/12/2014 9:00,42,6,36
9/12/2014 10:00,35,7,28
9/12/2014 11:00,44,7,37
9/12/2014 12:00,52,3,49
9/12/2014 13:00,68,9,59
9/12/2014 14:00,83,12,71
9/12/2014 15:00,67,4,63
9/12/2014 16:00,85,11,74
9/12/2014 17:00,75,15,60
9/12/2014 18:00,55,6,49
9/12/2014 19:00,49,6,43
9/12/2014 20:00,30,6,24
9/12/2014 21:00,21,5,16
9/12/2014 22:00,15,3,12
9/12/2014 23:00,4,0,4
9/13/2014 0:00,6,1,5
9/13/2014 1:00,7,3,4
9/13/2014 2:00,0,0,0
9/13/2014 3:00,0,0,0
9/13/2014 4:00,7,1,6
9/13/2014 5:00,6,4,2
9/13/2014 6:00,0,0,0
9/13/2014 7:00,20,10,10
9/13/2014 8:00,53,7,46
9/13/2014 9:00,43,14,29
9/13/2014 10:00,83,29,54
9/13/2014 11:00,39,3,36
9/13/2014 12:00,65,7,58
9/13/2014 13:00,96,24,72
9/13/2014 14:00,61,6,55
9/13/2014 15:00,56,12,44
9/13/2014 16:00,24,8,16
9/13/2014 17:00,37,11,26
9/13/2014 18:00,24,2,22
9/13/2014 19:00,29,4,25
9/13/2014 20:00,38,4,34
9/13/2014 21:00,39,7,32
9/13/2014 22:00,37,4,33
9/13/2014 23:00,7,2,5
9/14/2014 0:00,4,2,2
9/14/2014 1:00,4,0,4
9/14/2014 2:00,1,1,0
9/14/2014 3:00,3,1,2
9/14/2014 4:00,0,0,0
9/14/2014 5:00,0,0,0
9/14/2014 6:00,2,2,0
9/14/2014 7:00,9,4,5
9/14/2014 8:00,9,5,4
9/14/2014 9:00,21,10,11
9/14/2014 10:00,23,6,17
9/14/2014 11:00,28,2,26
9/14/2014 12:00,73,8,65
9/14/2014 13:00,65,8,57
9/14/2014 14:00,100,16,84
9/14/2014 15:00,70,8,62
9/14/2014 16:00,84,18,66
9/14/2014 17:00,72,5,67
9/14/2014 18:00,9,0,9
9/14/2014 19:00,18,2,16
9/14/2014 20:00,13,6,7
9/14/2014 21:00,9,3,6
9/14/2014 22:00,3,1,2
9/14/2014 23:00,5,1,4
9/15/2014 0:00,4,1,3
9/15/2014 1:00,0,0,0
9/15/2014 2:00,0,0,0
9/15/2014 3:00,2,0,2
9/15/2014 4:00,5,3,2
9/15/2014 5:00,6,6,0
9/15/2014 6:00,9,7,2
9/15/2014 7:00,44,22,22
9/15/2014 8:00,32,11,21
9/15/2014 9:00,48,8,40
9/15/2014 10:00,34,6,28
9/15/2014 11:00,39,4,35
9/15/2014 12:00,53,9,44
9/15/2014 13:00,74,10,64
9/15/2014 14:00,68,4,64
9/15/2014 15:00,69,7,62
9/15/2014 16:00,84,12,72
9/15/2014 17:00,151,22,129
9/15/2014 18:00,176,24,152
9/15/2014 19:00,83,20,63
9/15/2014 20:00,29,15,14
9/15/2014 21:00,16,1,15
9/15/2014 22:00,5,3,2
9/15/2014 23:00,3,0,3
9/16/2014 0:00,2,0,2
9/16/2014 1:00,0,0,0
9/16/2014 2:00,0,0,0
9/16/2014 3:00,0,0,0
9/16/2014 4:00,2,2,0
9/16/2014 5:00,7,3,4
9/16/2014 6:00,18,11,7
9/16/2014 7:00,40,18,22
9/16/2014 8:00,35,20,15
9/16/2014 9:00,31,16,15
9/16/2014 10:00,16,6,10
9/16/2014 11:00,15,4,11
9/16/2014 12:00,20,3,17
9/16/2014 13:00,42,5,37
9/16/2014 14:00,53,6,47
9/16/2014 15:00,58,10,48
9/16/2014 16:00,69,25,44
9/16/2014 17:00,199,13,186
9/16/2014 18:00,142,16,126
9/16/2014 19:00,63,11,52
9/16/2014 20:00,34,8,26
9/16/2014 21:00,14,5,9
9/16/2014 22:00,6,1,5
9/16/2014 23:00,8,0,8
9/17/2014 0:00,1,1,0
9/17/2014 1:00,1,0,1
9/17/2014 2:00,0,0,0
9/17/2014 3:00,2,0,2
9/17/2014 4:00,5,3,2
9/17/2014 5:00,5,5,0
9/17/2014 6:00,20,14,6
9/17/2014 7:00,44,24,20
9/17/2014 8:00,40,19,21
9/17/2014 9:00,22,11,11
9/17/2014 10:00,11,4,7
9/17/2014 11:00,17,3,14
9/17/2014 12:00,43,8,35
9/17/2014 13:00,32,7,25
9/17/2014 14:00,32,10,22
9/17/2014 15:00,45,13,32
9/17/2014 16:00,48,15,33
9/17/2014 17:00,90,20,70
9/17/2014 18:00,51,7,44
9/17/2014 19:00,29,8,21
9/17/2014 20:00,46,5,41
9/17/2014 21:00,14,2,12
9/17/2014 22:00,3,1,2
9/17/2014 23:00,4,0,4
9/18/2014 0:00,2,0,2
9/18/2014 1:00,1,1,0
9/18/2014 2:00,0,0,0
9/18/2014 3:00,0,0,0
9/18/2014 4:00,4,2,2
9/18/2014 5:00,7,5,2
9/18/2014 6:00,13,9,4
9/18/2014 7:00,29,14,15
9/18/2014 8:00,34,18,16
9/18/2014 9:00,16,6,10
9/18/2014 10:00,20,3,17
9/18/2014 11:00,29,7,22
9/18/2014 12:00,28,3,25
9/18/2014 13:00,41,7,34
9/18/2014 14:00,44,8,36
9/18/2014 15:00,33,5,28
9/18/2014 16:00,56,5,51
9/18/2014 17:00,83,22,61
9/18/2014 18:00,57,9,48
9/18/2014 19:00,59,15,44
9/18/2014 20:00,30,7,23
9/18/2014 21:00,16,2,14
9/18/2014 22:00,10,1,9
9/18/2014 23:00,5,1,4
9/19/2014 0:00,4,0,4
9/19/2014 1:00,4,0,4
9/19/2014 2:00,0,0,0
9/19/2014 3:00,0,0,0
9/19/2014 4:00,2,0,2
9/19/2014 5:00,4,4,0
9/19/2014 6:00,12,8,4
9/19/2014 7:00,18,14,4
9/19/2014 8:00,32,17,15
9/19/2014 9:00,33,9,24
9/19/2014 10:00,22,6,16
9/19/2014 11:00,21,4,17
9/19/2014 12:00,43,3,40
9/19/2014 13:00,32,1,31
9/19/2014 14:00,32,6,26
9/19/2014 15:00,33,7,26
9/19/2014 16:00,66,7,59
9/19/2014 17:00,65,11,54
9/19/2014 18:00,57,5,52
9/19/2014 19:00,25,3,22
9/19/2014 20:00,20,4,16
9/19/2014 21:00,13,1,12
9/19/2014 22:00,16,4,12
9/19/2014 23:00,11,7,4
9/20/2014 0:00,1,0,1
9/20/2014 1:00,3,1,2
9/20/2014 2:00,2,0,2
9/20/2014 3:00,3,1,2
9/20/2014 4:00,0,0,0
9/20/2014 5:00,4,4,0
9/20/2014 6:00,5,3,2
9/20/2014 7:00,10,1,9
9/20/2014 8:00,43,16,27
9/20/2014 9:00,45,7,38
9/20/2014 10:00,31,20,11
9/20/2014 11:00,29,9,20
9/20/2014 12:00,49,4,45
9/20/2014 13:00,53,27,26
9/20/2014 14:00,36,3,33
9/20/2014 15:00,73,7,66
9/20/2014 16:00,79,10,69
9/20/2014 17:00,82,10,72
9/20/2014 18:00,46,5,41
9/20/2014 19:00,82,6,76
9/20/2014 20:00,35,4,31
9/20/2014 21:00,31,3,28
9/20/2014 22:00,28,2,26
9/20/2014 23:00,33,3,30
9/21/2014 0:00,2,0,2
9/21/2014 1:00,10,1,9
9/21/2014 2:00,8,2,6
9/21/2014 3:00,4,0,4
9/21/2014 4:00,0,0,0
9/21/2014 5:00,2,2,0
9/21/2014 6:00,3,0,3
9/21/2014 7:00,10,4,6
9/21/2014 8:00,9,5,4
9/21/2014 9:00,32,7,25
9/21/2014 10:00,54,7,47
9/21/2014 11:00,24,5,19
9/21/2014 12:00,58,6,52
9/21/2014 13:00,68,3,65
9/21/2014 14:00,42,10,32
9/21/2014 15:00,51,2,49
9/21/2014 16:00,30,4,26
9/21/2014 17:00,26,4,22
9/21/2014 18:00,22,3,19
9/21/2014 19:00,24,6,18
9/21/2014 20:00,21,2,19
9/21/2014 21:00,13,3,10
9/21/2014 22:00,5,1,4
9/21/2014 23:00,5,0,5
9/22/2014 0:00,2,0,2
9/22/2014 1:00,0,0,0
9/22/2014 2:00,0,0,0
9/22/2014 3:00,0,0,0
9/22/2014 4:00,0,0,0
9/22/2014 5:00,2,0,2
9/22/2014 6:00,14,6,8
9/22/2014 7:00,33,20,13
9/22/2014 8:00,27,10,17
9/22/2014 9:00,21,13,8
9/22/2014 10:00,7,2,5
9/22/2014 11:00,30,13,17
9/22/2014 12:00,50,7,43
9/22/2014 13:00,49,5,44
9/22/2014 14:00,32,6,26
9/22/2014 15:00,37,17,20
9/22/2014 16:00,77,10,67
9/22/2014 17:00,271,16,255
9/22/2014 18:00,95,9,86
9/22/2014 19:00,82,8,74
9/22/2014 20:00,61,11,50
9/22/2014 21:00,25,5,20
9/22/2014 22:00,15,1,14
9/22/2014 23:00,9,1,8
9/23/2014 0:00,2,0,2
9/23/2014 1:00,0,0,0
9/23/2014 2:00,0,0,0
9/23/2014 3:00,0,0,0
9/23/2014 4:00,4,3,1
9/23/2014 5:00,12,5,7
9/23/2014 6:00,23,12,11
9/23/2014 7:00,60,12,48
9/23/2014 8:00,55,18,37
9/23/2014 9:00,46,6,40
9/23/2014 10:00,38,5,33
9/23/2014 11:00,54,10,44
9/23/2014 12:00,52,4,48
9/23/2014 13:00,57,4,53
9/23/2014 14:00,73,9,64
9/23/2014 15:00,56,4,52
9/23/2014 16:00,99,19,80
9/23/2014 17:00,161,6,155
9/23/2014 18:00,154,11,143
9/23/2014 19:00,74,4,70
9/23/2014 20:00,19,6,13
9/23/2014 21:00,11,2,9
9/23/2014 22:00,2,0,2
9/23/2014 23:00,7,0,7
9/24/2014 0:00,2,0,2
9/24/2014 1:00,2,0,2
9/24/2014 2:00,0,0,0
9/24/2014 3:00,0,0,0
9/24/2014 4:00,2,2,0
9/24/2014 5:00,3,3,0
9/24/2014 6:00,8,3,5
9/24/2014 7:00,27,16,11
9/24/2014 8:00,52,25,27
9/24/2014 9:00,38,7,31
9/24/2014 10:00,23,5,18
9/24/2014 11:00,11,7,4
9/24/2014 12:00,48,3,45
9/24/2014 13:00,23,2,21
9/24/2014 14:00,22,1,21
9/24/2014 15:00,35,6,29
9/24/2014 16:00,63,0,63
9/24/2014 17:00,86,0,86
9/24/2014 18:00,80,8,72
9/24/2014 19:00,38,6,32
9/24/2014 20:00,43,12,31
9/24/2014 21:00,24,4,20
9/24/2014 22:00,6,1,5
9/24/2014 23:00,7,0,7
9/25/2014 0:00,2,0,2
9/25/2014 1:00,0,0,0
9/25/2014 2:00,2,0,2
9/25/2014 3:00,0,0,0
9/25/2014 4:00,0,0,0
9/25/2014 5:00,3,3,0
9/25/2014 6:00,11,7,4
9/25/2014 7:00,30,18,12
9/25/2014 8:00,46,18,28
9/25/2014 9:00,59,10,49
9/25/2014 10:00,44,3,41
9/25/2014 11:00,34,4,30
9/25/2014 12:00,51,3,48
9/25/2014 13:00,62,7,55
9/25/2014 14:00,63,0,63
9/25/2014 15:00,74,6,68
9/25/2014 16:00,100,10,90
9/25/2014 17:00,150,8,142
9/25/2014 18:00,48,7,41
9/25/2014 19:00,31,4,27
9/25/2014 20:00,19,1,18
9/25/2014 21:00,12,2,10
9/25/2014 22:00,1,1,0
9/25/2014 23:00,7,1,6
9/26/2014 0:00,2,0,2
9/26/2014 1:00,1,0,1
9/26/2014 2:00,0,0,0
9/26/2014 3:00,0,0,0
9/26/2014 4:00,2,0,2
9/26/2014 5:00,5,5,0
9/26/2014 6:00,12,6,6
9/26/2014 7:00,28,11,17
9/26/2014 8:00,33,19,14
9/26/2014 9:00,30,7,23
9/26/2014 10:00,12,5,7
9/26/2014 11:00,15,4,11
9/26/2014 12:00,28,4,24
9/26/2014 13:00,35,10,25
9/26/2014 14:00,41,4,37
9/26/2014 15:00,26,4,22
9/26/2014 16:00,42,10,32
9/26/2014 17:00,74,7,67
9/26/2014 18:00,116,11,105
9/26/2014 19:00,64,2,62
9/26/2014 20:00,47,6,41
9/26/2014 21:00,43,4,39
9/26/2014 22:00,12,2,10
9/26/2014 23:00,15,3,12
9/27/2014 0:00,13,1,12
9/27/2014 1:00,5,1,4
9/27/2014 2:00,4,0,4
9/27/2014 3:00,8,0,8
9/27/2014 4:00,4,2,2
9/27/2014 5:00,3,1,2
9/27/2014 6:00,4,2,2
9/27/2014 7:00,29,3,26
9/27/2014 8:00,18,5,13
9/27/2014 9:00,39,7,32
9/27/2014 10:00,37,10,27
9/27/2014 11:00,68,28,40
9/27/2014 12:00,19,3,16
9/27/2014 13:00,29,8,21
9/27/2014 14:00,35,5,30
9/27/2014 15:00,62,11,51
9/27/2014 16:00,69,11,58
9/27/2014 17:00,77,10,67
9/27/2014 18:00,67,5,62
9/27/2014 19:00,45,1,44
9/27/2014 20:00,24,0,24
9/27/2014 21:00,27,3,24
9/27/2014 22:00,23,7,16
9/27/2014 23:00,10,2,8
9/28/2014 0:00,12,0,12
9/28/2014 1:00,2,0,2
9/28/2014 2:00,10,0,10
9/28/2014 3:00,2,2,0
9/28/2014 4:00,2,2,0
9/28/2014 5:00,2,0,2
9/28/2014 6:00,2,0,2
9/28/2014 7:00,11,1,10
9/28/2014 8:00,18,3,15
9/28/2014 9:00,30,12,18
9/28/2014 10:00,12,3,9
9/28/2014 11:00,21,8,13
9/28/2014 12:00,75,4,71
9/28/2014 13:00,55,6,49
9/28/2014 14:00,62,10,52
9/28/2014 15:00,68,11,57
9/28/2014 16:00,84,9,75
9/28/2014 17:00,73,9,64
9/28/2014 18:00,67,0,67
9/28/2014 19:00,45,2,43
9/28/2014 20:00,45,5,40
9/28/2014 21:00,10,1,9
9/28/2014 22:00,18,2,16
9/28/2014 23:00,12,0,12
9/29/2014 0:00,7,1,6
9/29/2014 1:00,2,0,2
9/29/2014 2:00,3,1,2
9/29/2014 3:00,2,0,2
9/29/2014 4:00,5,3,2
9/29/2014 5:00,5,3,2
9/29/2014 6:00,16,7,9
9/29/2014 7:00,59,10,49
9/29/2014 8:00,68,17,51
9/29/2014 9:00,26,5,21
9/29/2014 10:00,21,6,15
9/29/2014 11:00,27,6,21
9/29/2014 12:00,22,4,18
9/29/2014 13:00,28,5,23
9/29/2014 14:00,26,8,18
9/29/2014 15:00,57,11,46
9/29/2014 16:00,92,12,80
9/29/2014 17:00,274,17,257
9/29/2014 18:00,113,20,93
9/29/2014 19:00,48,7,41
9/29/2014 20:00,28,4,24
9/29/2014 21:00,14,2,12
9/29/2014 22:00,8,1,7
9/29/2014 23:00,2,0,2
9/30/2014 0:00,3,2,1
9/30/2014 1:00,3,0,3
9/30/2014 2:00,0,0,0
9/30/2014 3:00,0,0,0
9/30/2014 4:00,0,0,0
9/30/2014 5:00,3,3,0
9/30/2014 6:00,20,8,12
9/30/2014 7:00,52,27,25
9/30/2014 8:00,74,18,56
9/30/2014 9:00,40,16,24
9/30/2014 10:00,25,4,21
9/30/2014 11:00,10,5,5
9/30/2014 12:00,27,7,20
9/30/2014 13:00,17,5,12
9/30/2014 14:00,37,3,34
9/30/2014 15:00,37,12,25
9/30/2014 16:00,58,7,51
9/30/2014 17:00,204,29,175
9/30/2014 18:00,84,16,68
9/30/2014 19:00,42,13,29
9/30/2014 20:00,29,7,22
9/30/2014 21:00,7,1,6
9/30/2014 22:00,5,2,3
9/30/2014 23:00,7,0,7
10/1/2014 0:00,4,0,4
10/1/2014 1:00,4,0,4
10/1/2014 2:00,1,1,0
10/1/2014 3:00,0,0,0
10/1/2014 4:00,3,1,2
10/1/2014 5:00,2,2,0
10/1/2014 6:00,10,8,2
10/1/2014 7:00,41,31,10
10/1/2014 8:00,26,16,10
10/1/2014 9:00,24,5,19
10/1/2014 10:00,7,2,5
10/1/2014 11:00,28,7,21
10/1/2014 12:00,21,4,17
10/1/2014 13:00,22,6,16
10/1/2014 14:00,23,4,19
10/1/2014 15:00,32,7,25
10/1/2014 16:00,55,10,45
10/1/2014 17:00,171,26,145
10/1/2014 18:00,117,9,108
10/1/2014 19:00,71,7,64
10/1/2014 20:00,55,16,39
10/1/2014 21:00,27,4,23
10/1/2014 22:00,26,4,22
10/1/2014 23:00,9,1,8
10/2/2014 0:00,6,0,6
10/2/2014 1:00,0,0,0
10/2/2014 2:00,0,0,0
10/2/2014 3:00,1,1,0
10/2/2014 4:00,4,4,0
10/2/2014 5:00,6,2,4
10/2/2014 6:00,17,11,6
10/2/2014 7:00,67,19,48
10/2/2014 8:00,47,13,34
10/2/2014 9:00,46,8,38
10/2/2014 10:00,23,6,17
10/2/2014 11:00,42,7,35
10/2/2014 12:00,38,2,36
10/2/2014 13:00,50,1,49
10/2/2014 14:00,66,8,58
10/2/2014 15:00,64,18,46
10/2/2014 16:00,116,19,97
10/2/2014 17:00,205,21,184
10/2/2014 18:00,150,17,133
10/2/2014 19:00,62,11,51
10/2/2014 20:00,101,4,97
10/2/2014 21:00,32,2,30
10/2/2014 22:00,28,0,28
10/2/2014 23:00,17,0,17
10/3/2014 0:00,10,0,10
10/3/2014 1:00,4,1,3
10/3/2014 2:00,0,0,0
10/3/2014 3:00,4,0,4
10/3/2014 4:00,1,1,0
10/3/2014 5:00,8,3,5
10/3/2014 6:00,17,6,11
10/3/2014 7:00,57,23,34
10/3/2014 8:00,68,19,49
10/3/2014 9:00,64,5,59
10/3/2014 10:00,58,7,51
10/3/2014 11:00,67,5,62
10/3/2014 12:00,53,5,48
10/3/2014 13:00,68,5,63
10/3/2014 14:00,66,2,64
10/3/2014 15:00,128,25,103
10/3/2014 16:00,159,16,143
10/3/2014 17:00,186,21,165
10/3/2014 18:00,111,10,101
10/3/2014 19:00,70,5,65
10/3/2014 20:00,55,3,52
10/3/2014 21:00,31,4,27
10/3/2014 22:00,26,1,25
10/3/2014 23:00,27,1,26
10/4/2014 0:00,10,1,9
10/4/2014 1:00,4,0,4
10/4/2014 2:00,6,0,6
10/4/2014 3:00,4,0,4
10/4/2014 4:00,2,0,2
10/4/2014 5:00,3,3,0
10/4/2014 6:00,2,0,2
10/4/2014 7:00,21,3,18
10/4/2014 8:00,64,15,49
10/4/2014 9:00,48,13,35
10/4/2014 10:00,28,5,23
10/4/2014 11:00,41,10,31
10/4/2014 12:00,48,2,46
10/4/2014 13:00,96,11,85
10/4/2014 14:00,18,8,10
10/4/2014 15:00,56,11,45
10/4/2014 16:00,64,8,56
10/4/2014 17:00,86,11,75
10/4/2014 18:00,46,5,41
10/4/2014 19:00,50,6,44
10/4/2014 20:00,37,3,34
10/4/2014 21:00,26,2,24
10/4/2014 22:00,24,0,24
10/4/2014 23:00,20,4,16
10/5/2014 0:00,14,1,13
10/5/2014 1:00,6,0,6
10/5/2014 2:00,4,0,4
10/5/2014 3:00,2,0,2
10/5/2014 4:00,0,0,0
10/5/2014 5:00,0,0,0
10/5/2014 6:00,6,4,2
10/5/2014 7:00,13,1,12
10/5/2014 8:00,14,3,11
10/5/2014 9:00,36,8,28
10/5/2014 10:00,40,15,25
10/5/2014 11:00,46,6,40
10/5/2014 12:00,80,8,72
10/5/2014 13:00,90,10,80
10/5/2014 14:00,41,10,31
10/5/2014 15:00,84,11,73
10/5/2014 16:00,63,22,41
10/5/2014 17:00,30,4,26
10/5/2014 18:00,54,1,53
10/5/2014 19:00,35,1,34
10/5/2014 20:00,42,4,38
10/5/2014 21:00,29,1,28
10/5/2014 22:00,18,2,16
10/5/2014 23:00,2,0,2
10/6/2014 0:00,7,1,6
10/6/2014 1:00,0,0,0
10/6/2014 2:00,1,1,0
10/6/2014 3:00,0,0,0
10/6/2014 4:00,4,4,0
10/6/2014 5:00,4,2,2
10/6/2014 6:00,5,4,1
10/6/2014 7:00,73,22,51
10/6/2014 8:00,65,21,44
10/6/2014 9:00,43,7,36
10/6/2014 10:00,40,7,33
10/6/2014 11:00,55,10,45
10/6/2014 12:00,60,8,52
10/6/2014 13:00,72,10,62
10/6/2014 14:00,81,4,77
10/6/2014 15:00,106,17,89
10/6/2014 16:00,120,9,111
10/6/2014 17:00,272,9,263
10/6/2014 18:00,136,13,123
10/6/2014 19:00,29,5,24
10/6/2014 20:00,30,7,23
10/6/2014 21:00,17,2,15
10/6/2014 22:00,13,2,11
10/6/2014 23:00,8,0,8
10/7/2014 0:00,3,0,3
10/7/2014 1:00,8,0,8
10/7/2014 2:00,0,0,0
10/7/2014 3:00,4,0,4
10/7/2014 4:00,3,3,0
10/7/2014 5:00,5,3,2
10/7/2014 6:00,28,15,13
10/7/2014 7:00,88,29,59
10/7/2014 8:00,74,30,44
10/7/2014 9:00,55,6,49
10/7/2014 10:00,39,8,31
10/7/2014 11:00,42,4,38
10/7/2014 12:00,42,3,39
10/7/2014 13:00,50,6,44
10/7/2014 14:00,54,12,42
10/7/2014 15:00,82,6,76
10/7/2014 16:00,113,7,106
10/7/2014 17:00,225,12,213
10/7/2014 18:00,173,11,162
10/7/2014 19:00,83,8,75
10/7/2014 20:00,54,3,51
10/7/2014 21:00,10,2,8
10/7/2014 22:00,23,3,20
10/7/2014 23:00,12,0,12
10/8/2014 0:00,1,0,1
10/8/2014 1:00,4,0,4
10/8/2014 2:00,7,1,6
10/8/2014 3:00,2,1,1
10/8/2014 4:00,2,2,0
10/8/2014 5:00,4,4,0
10/8/2014 6:00,22,9,13
10/8/2014 7:00,92,23,69
10/8/2014 8:00,76,21,55
10/8/2014 9:00,66,7,59
10/8/2014 10:00,34,7,27
10/8/2014 11:00,38,4,34
10/8/2014 12:00,53,0,53
10/8/2014 13:00,47,9,38
10/8/2014 14:00,54,7,47
10/8/2014 15:00,55,4,51
10/8/2014 16:00,132,18,114
10/8/2014 17:00,190,10,180
10/8/2014 18:00,157,16,141
10/8/2014 19:00,89,10,79
10/8/2014 20:00,54,5,49
10/8/2014 21:00,37,1,36
10/8/2014 22:00,19,3,16
10/8/2014 23:00,7,0,7
10/9/2014 0:00,2,0,2
10/9/2014 1:00,0,0,0
10/9/2014 2:00,8,0,8
10/9/2014 3:00,0,0,0
10/9/2014 4:00,9,4,5
10/9/2014 5:00,4,0,4
10/9/2014 6:00,15,7,8
10/9/2014 7:00,95,20,75
10/9/2014 8:00,45,10,35
10/9/2014 9:00,54,5,49
10/9/2014 10:00,36,2,34
10/9/2014 11:00,47,4,43
10/9/2014 12:00,48,6,42
10/9/2014 13:00,58,1,57
10/9/2014 14:00,61,7,54
10/9/2014 15:00,81,7,74
10/9/2014 16:00,117,14,103
10/9/2014 17:00,201,25,176
10/9/2014 18:00,152,14,138
10/9/2014 19:00,120,13,107
10/9/2014 20:00,56,4,52
10/9/2014 21:00,34,0,34
10/9/2014 22:00,34,2,32
10/9/2014 23:00,14,0,14
10/10/2014 0:00,2,0,2
10/10/2014 1:00,8,1,7
10/10/2014 2:00,1,0,1
10/10/2014 3:00,0,0,0
10/10/2014 4:00,4,4,0
10/10/2014 5:00,6,2,4
10/10/2014 6:00,16,10,6
10/10/2014 7:00,32,14,18
10/10/2014 8:00,49,12,37
10/10/2014 9:00,36,6,30
10/10/2014 10:00,30,3,27
10/10/2014 11:00,40,4,36
10/10/2014 12:00,59,5,54
10/10/2014 13:00,50,1,49
10/10/2014 14:00,53,9,44
10/10/2014 15:00,60,5,55
10/10/2014 16:00,82,9,73
10/10/2014 17:00,164,21,143
10/10/2014 18:00,124,10,114
10/10/2014 19:00,38,2,36
10/10/2014 20:00,44,1,43
10/10/2014 21:00,30,2,28
10/10/2014 22:00,23,1,22
10/10/2014 23:00,16,0,16
10/11/2014 0:00,4,0,4
10/11/2014 1:00,10,1,9
10/11/2014 2:00,5,1,4
10/11/2014 3:00,1,0,1
10/11/2014 4:00,2,0,2
10/11/2014 5:00,5,3,2
10/11/2014 6:00,4,2,2
10/11/2014 7:00,17,1,16
10/11/2014 8:00,24,5,19
10/11/2014 9:00,31,9,22
10/11/2014 10:00,32,4,28
10/11/2014 11:00,49,9,40
10/11/2014 12:00,61,6,55
10/11/2014 13:00,54,12,42
10/11/2014 14:00,23,5,18
10/11/2014 15:00,56,5,51
10/11/2014 16:00,81,9,72
10/11/2014 17:00,60,19,41
10/11/2014 18:00,28,4,24
10/11/2014 19:00,22,1,21
10/11/2014 20:00,20,5,15
10/11/2014 21:00,19,7,12
10/11/2014 22:00,13,0,13
10/11/2014 23:00,10,1,9
10/12/2014 0:00,2,0,2
10/12/2014 1:00,3,1,2
10/12/2014 2:00,2,1,1
10/12/2014 3:00,2,0,2
10/12/2014 4:00,0,0,0
10/12/2014 5:00,3,1,2
10/12/2014 6:00,2,0,2
10/12/2014 7:00,1,1,0
10/12/2014 8:00,10,8,2
10/12/2014 9:00,15,2,13
10/12/2014 10:00,16,4,12
10/12/2014 11:00,22,6,16
10/12/2014 12:00,53,14,39
10/12/2014 13:00,72,4,68
10/12/2014 14:00,59,9,50
10/12/2014 15:00,52,12,40
10/12/2014 16:00,35,5,30
10/12/2014 17:00,42,4,38
10/12/2014 18:00,29,4,25
10/12/2014 19:00,22,4,18
10/12/2014 20:00,24,1,23
10/12/2014 21:00,7,1,6
10/12/2014 22:00,12,0,12
10/12/2014 23:00,10,0,10
10/13/2014 0:00,4,0,4
10/13/2014 1:00,2,0,2
10/13/2014 2:00,4,0,4
10/13/2014 3:00,2,0,2
10/13/2014 4:00,3,3,0
10/13/2014 5:00,2,2,0
10/13/2014 6:00,11,8,3
10/13/2014 7:00,35,21,14
10/13/2014 8:00,30,17,13
10/13/2014 9:00,30,9,21
10/13/2014 10:00,17,7,10
10/13/2014 11:00,25,6,19
10/13/2014 12:00,25,2,23
10/13/2014 13:00,15,6,9
10/13/2014 14:00,18,3,15
10/13/2014 15:00,39,12,27
10/13/2014 16:00,67,7,60
10/13/2014 17:00,198,15,183
10/13/2014 18:00,138,16,122
10/13/2014 19:00,72,4,68
10/13/2014 20:00,45,3,42
10/13/2014 21:00,16,0,16
10/13/2014 22:00,17,1,16
10/13/2014 23:00,18,0,18
10/14/2014 0:00,2,0,2
10/14/2014 1:00,2,0,2
10/14/2014 2:00,0,0,0
10/14/2014 3:00,1,0,1
10/14/2014 4:00,3,3,0
10/14/2014 5:00,5,1,4
10/14/2014 6:00,22,15,7
10/14/2014 7:00,31,15,16
10/14/2014 8:00,19,13,6
10/14/2014 9:00,26,11,15
10/14/2014 10:00,24,7,17
10/14/2014 11:00,18,5,13
10/14/2014 12:00,34,8,26
10/14/2014 13:00,40,5,35
10/14/2014 14:00,33,8,25
10/14/2014 15:00,55,7,48
10/14/2014 16:00,68,6,62
10/14/2014 17:00,265,20,245
10/14/2014 18:00,173,12,161
10/14/2014 19:00,61,6,55
10/14/2014 20:00,15,3,12
10/14/2014 21:00,9,2,7
10/14/2014 22:00,7,1,6
10/14/2014 23:00,0,0,0
10/15/2014 0:00,0,0,0
10/15/2014 1:00,0,0,0
10/15/2014 2:00,0,0,0
10/15/2014 3:00,3,0,3
10/15/2014 4:00,0,0,0
10/15/2014 5:00,2,2,0
10/15/2014 6:00,10,7,3
10/15/2014 7:00,27,18,9
10/15/2014 8:00,21,14,7
10/15/2014 9:00,20,4,16
10/15/2014 10:00,15,6,9
10/15/2014 11:00,40,6,34
10/15/2014 12:00,33,4,29
10/15/2014 13:00,18,5,13
10/15/2014 14:00,24,6,18
10/15/2014 15:00,15,6,9
10/15/2014 16:00,62,9,53
10/15/2014 17:00,82,8,74
10/15/2014 18:00,85,17,68
10/15/2014 19:00,63,3,60
10/15/2014 20:00,48,10,38
10/15/2014 21:00,9,0,9
10/15/2014 22:00,7,2,5
10/15/2014 23:00,8,0,8
10/16/2014 0:00,4,2,2
10/16/2014 1:00,0,0,0
10/16/2014 2:00,0,0,0
10/16/2014 3:00,1,0,1
10/16/2014 4:00,4,4,0
10/16/2014 5:00,1,1,0
10/16/2014 6:00,12,9,3
10/16/2014 7:00,34,28,6
10/16/2014 8:00,31,17,14
10/16/2014 9:00,22,4,18
10/16/2014 10:00,26,14,12
10/16/2014 11:00,19,5,14
10/16/2014 12:00,35,5,30
10/16/2014 13:00,18,3,15
10/16/2014 14:00,36,4,32
10/16/2014 15:00,23,3,20
10/16/2014 16:00,32,6,26
10/16/2014 17:00,147,12,135
10/16/2014 18:00,123,14,109
10/16/2014 19:00,89,14,75
10/16/2014 20:00,24,4,20
10/16/2014 21:00,8,0,8
10/16/2014 22:00,9,1,8
10/16/2014 23:00,5,1,4
10/17/2014 0:00,4,0,4
10/17/2014 1:00,0,0,0
10/17/2014 2:00,1,1,0
10/17/2014 3:00,2,0,2
10/17/2014 4:00,4,1,3
10/17/2014 5:00,1,1,0
10/17/2014 6:00,9,7,2
10/17/2014 7:00,21,11,10
10/17/2014 8:00,17,10,7
10/17/2014 9:00,25,11,14
10/17/2014 10:00,16,3,13
10/17/2014 11:00,13,3,10
10/17/2014 12:00,13,3,10
10/17/2014 13:00,21,6,15
10/17/2014 14:00,24,1,23
10/17/2014 15:00,45,4,41
10/17/2014 16:00,51,7,44
10/17/2014 17:00,51,4,47
10/17/2014 18:00,40,3,37
10/17/2014 19:00,42,7,35
10/17/2014 20:00,42,4,38
10/17/2014 21:00,16,0,16
10/17/2014 22:00,15,2,13
10/17/2014 23:00,6,0,6
10/18/2014 0:00,0,0,0
10/18/2014 1:00,3,0,3
10/18/2014 2:00,5,1,4
10/18/2014 3:00,0,0,0
10/18/2014 4:00,3,1,2
10/18/2014 5:00,1,1,0
10/18/2014 6:00,4,2,2
10/18/2014 7:00,16,4,12
10/18/2014 8:00,29,8,21
10/18/2014 9:00,58,12,46
10/18/2014 10:00,62,15,47
10/18/2014 11:00,48,12,36
10/18/2014 12:00,22,7,15
10/18/2014 13:00,65,7,58
10/18/2014 14:00,78,8,70
10/18/2014 15:00,75,6,69
10/18/2014 16:00,61,5,56
10/18/2014 17:00,65,3,62
10/18/2014 18:00,35,2,33
10/18/2014 19:00,49,5,44
10/18/2014 20:00,41,2,39
10/18/2014 21:00,31,3,28
10/18/2014 22:00,27,2,25
10/18/2014 23:00,25,1,24
10/19/2014 0:00,15,3,12
10/19/2014 1:00,6,0,6
10/19/2014 2:00,2,0,2
10/19/2014 3:00,2,0,2
10/19/2014 4:00,4,0,4
10/19/2014 5:00,4,4,0
10/19/2014 6:00,2,0,2
10/19/2014 7:00,11,3,8
10/19/2014 8:00,7,1,6
10/19/2014 9:00,12,6,6
10/19/2014 10:00,20,4,16
10/19/2014 11:00,18,5,13
10/19/2014 12:00,43,13,30
10/19/2014 13:00,59,12,47
10/19/2014 14:00,67,23,44
10/19/2014 15:00,44,9,35
10/19/2014 16:00,50,7,43
10/19/2014 17:00,36,4,32
10/19/2014 18:00,46,4,42
10/19/2014 19:00,32,1,31
10/19/2014 20:00,24,2,22
10/19/2014 21:00,22,0,22
10/19/2014 22:00,17,0,17
10/19/2014 23:00,9,1,8
10/20/2014 0:00,4,0,4
10/20/2014 1:00,6,0,6
10/20/2014 2:00,4,0,4
10/20/2014 3:00,2,0,2
10/20/2014 4:00,7,5,2
10/20/2014 5:00,1,1,0
10/20/2014 6:00,11,2,9
10/20/2014 7:00,73,23,50
10/20/2014 8:00,31,11,20
10/20/2014 9:00,12,2,10
10/20/2014 10:00,23,8,15
10/20/2014 11:00,22,3,19
10/20/2014 12:00,21,9,12
10/20/2014 13:00,25,3,22
10/20/2014 14:00,22,1,21
10/20/2014 15:00,52,7,45
10/20/2014 16:00,87,12,75
10/20/2014 17:00,253,22,231
10/20/2014 18:00,80,12,68
10/20/2014 19:00,20,7,13
10/20/2014 20:00,30,8,22
10/20/2014 21:00,11,3,8
10/20/2014 22:00,4,0,4
10/20/2014 23:00,2,0,2
10/21/2014 0:00,0,0,0
10/21/2014 1:00,1,1,0
10/21/2014 2:00,4,0,4
10/21/2014 3:00,0,0,0
10/21/2014 4:00,1,1,0
10/21/2014 5:00,3,2,1
10/21/2014 6:00,12,7,5
10/21/2014 7:00,34,11,23
10/21/2014 8:00,39,19,20
10/21/2014 9:00,69,9,60
10/21/2014 10:00,39,5,34
10/21/2014 11:00,42,4,38
10/21/2014 12:00,59,13,46
10/21/2014 13:00,38,2,36
10/21/2014 14:00,58,7,51
10/21/2014 15:00,122,23,99
10/21/2014 16:00,78,11,67
10/21/2014 17:00,258,18,240
10/21/2014 18:00,144,19,125
10/21/2014 19:00,58,9,49
10/21/2014 20:00,15,5,10
10/21/2014 21:00,15,3,12
10/21/2014 22:00,11,5,6
10/21/2014 23:00,6,0,6
10/22/2014 0:00,2,0,2
10/22/2014 1:00,0,0,0
10/22/2014 2:00,0,0,0
10/22/2014 3:00,0,0,0
10/22/2014 4:00,3,3,0
10/22/2014 5:00,1,1,0
10/22/2014 6:00,3,3,0
10/22/2014 7:00,40,24,16
10/22/2014 8:00,90,34,56
10/22/2014 9:00,72,10,62
10/22/2014 10:00,29,2,27
10/22/2014 11:00,31,6,25
10/22/2014 12:00,45,5,40
10/22/2014 13:00,33,9,24
10/22/2014 14:00,39,5,34
10/22/2014 15:00,42,8,34
10/22/2014 16:00,86,4,82
10/22/2014 17:00,115,5,110
10/22/2014 18:00,55,12,43
10/22/2014 19:00,21,4,17
10/22/2014 20:00,22,4,18
10/22/2014 21:00,12,0,12
10/22/2014 22:00,8,0,8
10/22/2014 23:00,3,0,3
10/23/2014 0:00,4,0,4
10/23/2014 1:00,0,0,0
10/23/2014 2:00,0,0,0
10/23/2014 3:00,0,0,0
10/23/2014 4:00,3,3,0
10/23/2014 5:00,1,0,1
10/23/2014 6:00,6,6,0
10/23/2014 7:00,48,28,20
10/23/2014 8:00,58,26,32
10/23/2014 9:00,63,8,55
10/23/2014 10:00,29,2,27
10/23/2014 11:00,12,4,8
10/23/2014 12:00,22,3,19
10/23/2014 13:00,26,7,19
10/23/2014 14:00,38,7,31
10/23/2014 15:00,35,9,26
10/23/2014 16:00,93,7,86
10/23/2014 17:00,85,12,73
10/23/2014 18:00,45,4,41
10/23/2014 19:00,29,8,21
10/23/2014 20:00,15,4,11
10/23/2014 21:00,14,1,13
10/23/2014 22:00,13,1,12
10/23/2014 23:00,4,0,4
10/24/2014 0:00,2,0,2
10/24/2014 1:00,2,0,2
10/24/2014 2:00,2,0,2
10/24/2014 3:00,0,0,0
10/24/2014 4:00,3,3,0
10/24/2014 5:00,4,0,4
10/24/2014 6:00,10,8,2
10/24/2014 7:00,49,11,38
10/24/2014 8:00,61,17,44
10/24/2014 9:00,74,5,69
10/24/2014 10:00,45,4,41
10/24/2014 11:00,50,12,38
10/24/2014 12:00,38,6,32
10/24/2014 13:00,72,4,68
10/24/2014 14:00,90,8,82
10/24/2014 15:00,96,3,93
10/24/2014 16:00,116,8,108
10/24/2014 17:00,171,10,161
10/24/2014 18:00,111,14,97
10/24/2014 19:00,51,2,49
10/24/2014 20:00,26,3,23
10/24/2014 21:00,14,2,12
10/24/2014 22:00,10,2,8
10/24/2014 23:00,8,2,6
10/25/2014 0:00,3,3,0
10/25/2014 1:00,7,2,5
10/25/2014 2:00,6,0,6
10/25/2014 3:00,0,0,0
10/25/2014 4:00,1,1,0
10/25/2014 5:00,2,0,2
10/25/2014 6:00,4,2,2
10/25/2014 7:00,6,2,4
10/25/2014 8:00,11,5,6
10/25/2014 9:00,19,6,13
10/25/2014 10:00,20,4,16
10/25/2014 11:00,19,6,13
10/25/2014 12:00,20,2,18
10/25/2014 13:00,41,6,35
10/25/2014 14:00,20,3,17
10/25/2014 15:00,36,3,33
10/25/2014 16:00,24,4,20
10/25/2014 17:00,24,3,21
10/25/2014 18:00,23,6,17
10/25/2014 19:00,20,3,17
10/25/2014 20:00,4,0,4
10/25/2014 21:00,17,3,14
10/25/2014 22:00,8,0,8
10/25/2014 23:00,0,0,0
10/26/2014 0:00,4,1,3
10/26/2014 1:00,2,1,1
10/26/2014 2:00,4,0,4
10/26/2014 3:00,0,0,0
10/26/2014 4:00,2,0,2
10/26/2014 5:00,1,1,0
10/26/2014 6:00,0,0,0
10/26/2014 7:00,6,0,6
10/26/2014 8:00,4,3,1
10/26/2014 9:00,10,8,2
10/26/2014 10:00,12,1,11
10/26/2014 11:00,19,3,16
10/26/2014 12:00,29,5,24
10/26/2014 13:00,70,6,64
10/26/2014 14:00,57,8,49
10/26/2014 15:00,56,7,49
10/26/2014 16:00,43,2,41
10/26/2014 17:00,60,4,56
10/26/2014 18:00,32,0,32
10/26/2014 19:00,38,0,38
10/26/2014 20:00,42,4,38
10/26/2014 21:00,13,1,12
10/26/2014 22:00,7,1,6
10/26/2014 23:00,10,0,10
10/27/2014 0:00,7,3,4
10/27/2014 1:00,2,0,2
10/27/2014 2:00,2,0,2
10/27/2014 3:00,0,0,0
10/27/2014 4:00,3,3,0
10/27/2014 5:00,5,3,2
10/27/2014 6:00,20,9,11
10/27/2014 7:00,46,13,33
10/27/2014 8:00,37,14,23
10/27/2014 9:00,19,6,13
10/27/2014 10:00,23,3,20
10/27/2014 11:00,21,4,17
10/27/2014 12:00,11,5,6
10/27/2014 13:00,30,7,23
10/27/2014 14:00,40,3,37
10/27/2014 15:00,36,14,22
10/27/2014 16:00,104,22,82
10/27/2014 17:00,224,16,208
10/27/2014 18:00,125,18,107
10/27/2014 19:00,103,8,95
10/27/2014 20:00,47,5,42
10/27/2014 21:00,23,1,22
10/27/2014 22:00,16,0,16
10/27/2014 23:00,11,1,10
10/28/2014 0:00,3,1,2
10/28/2014 1:00,0,0,0
10/28/2014 2:00,5,0,5
10/28/2014 3:00,2,0,2
10/28/2014 4:00,3,3,0
10/28/2014 5:00,7,1,6
10/28/2014 6:00,14,7,7
10/28/2014 7:00,44,23,21
10/28/2014 8:00,69,18,51
10/28/2014 9:00,47,13,34
10/28/2014 10:00,25,4,21
10/28/2014 11:00,17,4,13
10/28/2014 12:00,26,5,21
10/28/2014 13:00,21,3,18
10/28/2014 14:00,26,2,24
10/28/2014 15:00,34,10,24
10/28/2014 16:00,66,11,55
10/28/2014 17:00,103,9,94
10/28/2014 18:00,74,14,60
10/28/2014 19:00,37,7,30
10/28/2014 20:00,24,5,19
10/28/2014 21:00,7,1,6
10/28/2014 22:00,7,1,6
10/28/2014 23:00,5,1,4
10/29/2014 0:00,1,0,1
10/29/2014 1:00,2,0,2
10/29/2014 2:00,0,0,0
10/29/2014 3:00,0,0,0
10/29/2014 4:00,2,1,1
10/29/2014 5:00,2,2,0
10/29/2014 6:00,12,9,3
10/29/2014 7:00,32,23,9
10/29/2014 8:00,20,10,10
10/29/2014 9:00,17,4,13
10/29/2014 10:00,24,7,17
10/29/2014 11:00,19,3,16
10/29/2014 12:00,29,6,23
10/29/2014 13:00,33,8,25
10/29/2014 14:00,22,6,16
10/29/2014 15:00,35,3,32
10/29/2014 16:00,84,8,76
10/29/2014 17:00,174,2,172
10/29/2014 18:00,102,14,88
10/29/2014 19:00,52,6,46
10/29/2014 20:00,73,5,68
10/29/2014 21:00,19,3,16
10/29/2014 22:00,7,1,6
10/29/2014 23:00,3,0,3
10/30/2014 0:00,2,0,2
10/30/2014 1:00,0,0,0
10/30/2014 2:00,0,0,0
10/30/2014 3:00,0,0,0
10/30/2014 4:00,1,1,0
10/30/2014 5:00,4,3,1
10/30/2014 6:00,12,8,4
10/30/2014 7:00,25,17,8
10/30/2014 8:00,34,21,13
10/30/2014 9:00,20,5,15
10/30/2014 10:00,12,4,8
10/30/2014 11:00,17,2,15
10/30/2014 12:00,29,4,25
10/30/2014 13:00,26,2,24
10/30/2014 14:00,26,6,20
10/30/2014 15:00,79,16,63
10/30/2014 16:00,59,15,44
10/30/2014 17:00,85,13,72
10/30/2014 18:00,75,8,67
10/30/2014 19:00,19,11,8
10/30/2014 20:00,30,8,22
10/30/2014 21:00,32,3,29
10/30/2014 22:00,16,0,16
10/30/2014 23:00,2,0,2
10/31/2014 0:00,4,2,2
10/31/2014 1:00,0,0,0
10/31/2014 2:00,0,0,0
10/31/2014 3:00,0,0,0
10/31/2014 4:00,1,1,0
10/31/2014 5:00,2,1,1
10/31/2014 6:00,15,7,8
10/31/2014 7:00,61,17,44
10/31/2014 8:00,81,15,66
10/31/2014 9:00,59,10,49
10/31/2014 10:00,42,8,34
10/31/2014 11:00,41,7,34
10/31/2014 12:00,78,8,70
10/31/2014 13:00,69,6,63
10/31/2014 14:00,44,1,43
10/31/2014 15:00,97,6,91
10/31/2014 16:00,121,5,116
10/31/2014 17:00,119,6,113
10/31/2014 18:00,29,3,26
10/31/2014 19:00,35,6,29
10/31/2014 20:00,54,5,49
10/31/2014 21:00,32,0,32
10/31/2014 22:00,39,2,37
10/31/2014 23:00,26,3,23
11/1/2014 0:00,12,0,12
11/1/2014 1:00,15,1,14
11/1/2014 2:00,8,0,8
11/1/2014 3:00,4,0,4
11/1/2014 4:00,0,0,0
11/1/2014 5:00,3,2,1
11/1/2014 6:00,5,1,4
11/1/2014 7:00,5,3,2
11/1/2014 8:00,8,2,6
11/1/2014 9:00,18,4,14
11/1/2014 10:00,21,5,16
11/1/2014 11:00,77,12,65
11/1/2014 12:00,61,4,57
11/1/2014 13:00,87,23,64
11/1/2014 14:00,57,7,50
11/1/2014 15:00,94,15,79
11/1/2014 16:00,83,6,77
11/1/2014 17:00,64,10,54
11/1/2014 18:00,13,3,10
11/1/2014 19:00,22,5,17
11/1/2014 20:00,7,4,3
11/1/2014 21:00,8,1,7
11/1/2014 22:00,16,4,12
11/1/2014 23:00,8,1,7
11/2/2014 0:00,7,2,5
11/2/2014 1:00,5,1,4
11/2/2014 2:00,0,0,0
11/2/2014 3:00,0,0,0
11/2/2014 4:00,0,0,0
11/2/2014 5:00,2,0,2
11/2/2014 6:00,4,0,4
11/2/2014 7:00,3,3,0
11/2/2014 8:00,19,4,15
11/2/2014 9:00,10,6,4
11/2/2014 10:00,20,4,16
11/2/2014 11:00,34,10,24
11/2/2014 12:00,67,6,61
11/2/2014 13:00,71,9,62
11/2/2014 14:00,39,7,32
11/2/2014 15:00,42,3,39
11/2/2014 16:00,30,6,24
11/2/2014 17:00,10,4,6
11/2/2014 18:00,4,1,3
11/2/2014 19:00,17,2,15
11/2/2014 20:00,9,3,6
11/2/2014 21:00,6,0,6
11/2/2014 22:00,4,2,2
11/2/2014 23:00,6,0,6
11/3/2014 0:00,1,1,0
11/3/2014 1:00,0,0,0
11/3/2014 2:00,0,0,0
11/3/2014 3:00,0,0,0
11/3/2014 4:00,2,2,0
11/3/2014 5:00,2,2,0
11/3/2014 6:00,6,5,1
11/3/2014 7:00,33,22,11
11/3/2014 8:00,23,18,5
11/3/2014 9:00,15,1,14
11/3/2014 10:00,13,5,8
11/3/2014 11:00,19,10,9
11/3/2014 12:00,29,2,27
11/3/2014 13:00,25,6,19
11/3/2014 14:00,30,4,26
11/3/2014 15:00,29,8,21
11/3/2014 16:00,52,2,50
11/3/2014 17:00,68,10,58
11/3/2014 18:00,45,14,31
11/3/2014 19:00,41,8,33
11/3/2014 20:00,39,7,32
11/3/2014 21:00,5,5,0
11/3/2014 22:00,3,0,3
11/3/2014 23:00,4,0,4
11/4/2014 0:00,0,0,0
11/4/2014 1:00,3,0,3
11/4/2014 2:00,0,0,0
11/4/2014 3:00,2,2,0
11/4/2014 4:00,0,0,0
11/4/2014 5:00,4,1,3
11/4/2014 6:00,11,8,3
11/4/2014 7:00,35,20,15
11/4/2014 8:00,22,7,15
11/4/2014 9:00,35,15,20
11/4/2014 10:00,15,8,7
11/4/2014 11:00,21,7,14
11/4/2014 12:00,15,4,11
11/4/2014 13:00,21,11,10
11/4/2014 14:00,57,7,50
11/4/2014 15:00,53,10,43
11/4/2014 16:00,97,8,89
11/4/2014 17:00,176,6,170
11/4/2014 18:00,77,21,56
11/4/2014 19:00,60,7,53
11/4/2014 20:00,25,4,21
11/4/2014 21:00,20,0,20
11/4/2014 22:00,8,0,8
11/4/2014 23:00,12,2,10
11/5/2014 0:00,4,0,4
11/5/2014 1:00,6,0,6
11/5/2014 2:00,1,0,1
11/5/2014 3:00,3,1,2
11/5/2014 4:00,3,3,0
11/5/2014 5:00,1,1,0
11/5/2014 6:00,22,9,13
11/5/2014 7:00,57,29,28
11/5/2014 8:00,26,12,14
11/5/2014 9:00,47,8,39
11/5/2014 10:00,53,7,46
11/5/2014 11:00,24,7,17
11/5/2014 12:00,50,7,43
11/5/2014 13:00,54,12,42
11/5/2014 14:00,57,10,47
11/5/2014 15:00,19,8,11
11/5/2014 16:00,47,3,44
11/5/2014 17:00,68,6,62
11/5/2014 18:00,67,18,49
11/5/2014 19:00,33,8,25
11/5/2014 20:00,16,3,13
11/5/2014 21:00,20,3,17
11/5/2014 22:00,8,2,6
11/5/2014 23:00,2,0,2
11/6/2014 0:00,0,0,0
11/6/2014 1:00,0,0,0
11/6/2014 2:00,2,1,1
11/6/2014 3:00,5,1,4
11/6/2014 4:00,2,2,0
11/6/2014 5:00,3,1,2
11/6/2014 6:00,12,11,1
11/6/2014 7:00,42,20,22
11/6/2014 8:00,136,35,101
11/6/2014 9:00,90,10,80
11/6/2014 10:00,23,6,17
11/6/2014 11:00,24,6,18
11/6/2014 12:00,23,2,21
11/6/2014 13:00,42,2,40
11/6/2014 14:00,59,6,53
11/6/2014 15:00,72,8,64
11/6/2014 16:00,99,7,92
11/6/2014 17:00,127,12,115
11/6/2014 18:00,72,9,63
11/6/2014 19:00,25,7,18
11/6/2014 20:00,12,4,8
11/6/2014 21:00,11,0,11
11/6/2014 22:00,9,0,9
11/6/2014 23:00,3,1,2
11/7/2014 0:00,0,0,0
11/7/2014 1:00,0,0,0
11/7/2014 2:00,0,0,0
11/7/2014 3:00,0,0,0
11/7/2014 4:00,1,1,0
11/7/2014 5:00,3,1,2
11/7/2014 6:00,12,9,3
11/7/2014 7:00,33,24,9
11/7/2014 8:00,26,19,7
11/7/2014 9:00,27,7,20
11/7/2014 10:00,47,11,36
11/7/2014 11:00,36,5,31
11/7/2014 12:00,61,6,55
11/7/2014 13:00,45,6,39
11/7/2014 14:00,18,8,10
11/7/2014 15:00,34,9,25
11/7/2014 16:00,66,16,50
11/7/2014 17:00,110,7,103
11/7/2014 18:00,50,9,41
11/7/2014 19:00,33,5,28
11/7/2014 20:00,24,1,23
11/7/2014 21:00,6,1,5
11/7/2014 22:00,10,1,9
11/7/2014 23:00,10,1,9
11/8/2014 0:00,0,0,0
11/8/2014 1:00,2,0,2
11/8/2014 2:00,0,0,0
11/8/2014 3:00,0,0,0
11/8/2014 4:00,0,0,0
11/8/2014 5:00,2,2,0
11/8/2014 6:00,4,2,2
11/8/2014 7:00,3,1,2
11/8/2014 8:00,10,2,8
11/8/2014 9:00,18,4,14
11/8/2014 10:00,38,4,34
11/8/2014 11:00,35,4,31
11/8/2014 12:00,50,14,36
11/8/2014 13:00,66,9,57
11/8/2014 14:00,35,3,32
11/8/2014 15:00,96,13,83
11/8/2014 16:00,94,3,91
11/8/2014 17:00,71,14,57
11/8/2014 18:00,10,2,8
11/8/2014 19:00,14,2,12
11/8/2014 20:00,14,3,11
11/8/2014 21:00,6,1,5
11/8/2014 22:00,3,0,3
11/8/2014 23:00,7,1,6
11/9/2014 0:00,4,0,4
11/9/2014 1:00,8,0,8
11/9/2014 2:00,7,3,4
11/9/2014 3:00,0,0,0
11/9/2014 4:00,1,0,1
11/9/2014 5:00,2,0,2
11/9/2014 6:00,2,2,0
11/9/2014 7:00,1,1,0
11/9/2014 8:00,1,0,1
11/9/2014 9:00,20,4,16
11/9/2014 10:00,29,6,23
11/9/2014 11:00,32,0,32
11/9/2014 12:00,29,3,26
11/9/2014 13:00,73,6,67
11/9/2014 14:00,88,13,75
11/9/2014 15:00,50,6,44
11/9/2014 16:00,40,4,36
11/9/2014 17:00,12,1,11
11/9/2014 18:00,22,3,19
11/9/2014 19:00,10,0,10
11/9/2014 20:00,10,1,9
11/9/2014 21:00,4,0,4
11/9/2014 22:00,4,0,4
11/9/2014 23:00,12,0,12
11/10/2014 0:00,2,0,2
11/10/2014 1:00,3,0,3
11/10/2014 2:00,0,0,0
11/10/2014 3:00,0,0,0
11/10/2014 4:00,3,3,0
11/10/2014 5:00,2,0,2
11/10/2014 6:00,8,8,0
11/10/2014 7:00,40,19,21
11/10/2014 8:00,35,16,19
11/10/2014 9:00,20,3,17
11/10/2014 10:00,15,2,13
11/10/2014 11:00,31,5,26
11/10/2014 12:00,37,11,26
11/10/2014 13:00,21,3,18
11/10/2014 14:00,42,5,37
11/10/2014 15:00,47,15,32
11/10/2014 16:00,43,11,32
11/10/2014 17:00,105,18,87
11/10/2014 18:00,49,8,41
11/10/2014 19:00,69,6,63
11/10/2014 20:00,21,3,18
11/10/2014 21:00,23,1,22
11/10/2014 22:00,26,2,24
11/10/2014 23:00,15,3,12
11/11/2014 0:00,8,3,5
11/11/2014 1:00,6,0,6
11/11/2014 2:00,6,2,4
11/11/2014 3:00,0,0,0
11/11/2014 4:00,1,1,0
11/11/2014 5:00,7,2,5
11/11/2014 6:00,15,7,8
11/11/2014 7:00,39,14,25
11/11/2014 8:00,32,8,24
11/11/2014 9:00,51,8,43
11/11/2014 10:00,56,8,48
11/11/2014 11:00,55,5,50
11/11/2014 12:00,61,4,57
11/11/2014 13:00,43,6,37
11/11/2014 14:00,37,1,36
11/11/2014 15:00,30,5,25
11/11/2014 16:00,90,2,88
11/11/2014 17:00,124,11,113
11/11/2014 18:00,139,14,125
11/11/2014 19:00,64,4,60
11/11/2014 20:00,43,9,34
11/11/2014 21:00,30,0,30
11/11/2014 22:00,14,0,14
11/11/2014 23:00,9,1,8
11/12/2014 0:00,2,0,2
11/12/2014 1:00,0,0,0
11/12/2014 2:00,0,0,0
11/12/2014 3:00,0,0,0
11/12/2014 4:00,3,3,0
11/12/2014 5:00,2,2,0
11/12/2014 6:00,26,6,20
11/12/2014 7:00,187,46,141
11/12/2014 8:00,86,44,42
11/12/2014 9:00,28,6,22
11/12/2014 10:00,26,8,18
11/12/2014 11:00,40,13,27
11/12/2014 12:00,38,4,34
11/12/2014 13:00,19,0,19
11/12/2014 14:00,47,8,39
11/12/2014 15:00,34,11,23
11/12/2014 16:00,45,8,37
11/12/2014 17:00,168,7,161
11/12/2014 18:00,139,13,126
11/12/2014 19:00,72,7,65
11/12/2014 20:00,47,5,42
11/12/2014 21:00,33,1,32
11/12/2014 22:00,16,0,16
11/12/2014 23:00,7,1,6
11/13/2014 0:00,6,0,6
11/13/2014 1:00,4,2,2
11/13/2014 2:00,0,0,0
11/13/2014 3:00,0,0,0
11/13/2014 4:00,2,2,0
11/13/2014 5:00,7,3,4
11/13/2014 6:00,12,7,5
11/13/2014 7:00,43,22,21
11/13/2014 8:00,30,11,19
11/13/2014 9:00,24,7,17
11/13/2014 10:00,22,5,17
11/13/2014 11:00,33,7,26
11/13/2014 12:00,39,9,30
11/13/2014 13:00,36,1,35
11/13/2014 14:00,62,6,56
11/13/2014 15:00,51,2,49
11/13/2014 16:00,97,5,92
11/13/2014 17:00,88,14,74
11/13/2014 18:00,45,11,34
11/13/2014 19:00,71,4,67
11/13/2014 20:00,45,3,42
11/13/2014 21:00,26,3,23
11/13/2014 22:00,18,0,18
11/13/2014 23:00,6,0,6
11/14/2014 0:00,8,0,8
11/14/2014 1:00,2,0,2
11/14/2014 2:00,2,0,2
11/14/2014 3:00,0,0,0
11/14/2014 4:00,1,1,0
11/14/2014 5:00,7,3,4
11/14/2014 6:00,11,5,6
11/14/2014 7:00,21,15,6
11/14/2014 8:00,22,10,12
11/14/2014 9:00,32,9,23
11/14/2014 10:00,19,8,11
11/14/2014 11:00,34,4,30
11/14/2014 12:00,39,6,33
11/14/2014 13:00,21,2,19
11/14/2014 14:00,36,4,32
11/14/2014 15:00,26,7,19
11/14/2014 16:00,90,4,86
11/14/2014 17:00,55,8,47
11/14/2014 18:00,45,11,34
11/14/2014 19:00,39,6,33
11/14/2014 20:00,19,5,14
11/14/2014 21:00,9,1,8
11/14/2014 22:00,9,0,9
11/14/2014 23:00,6,0,6
11/15/2014 0:00,0,0,0
11/15/2014 1:00,0,0,0
11/15/2014 2:00,2,0,2
11/15/2014 3:00,1,0,1
11/15/2014 4:00,1,1,0
11/15/2014 5:00,3,3,0
11/15/2014 6:00,3,1,2
11/15/2014 7:00,8,4,4
11/15/2014 8:00,10,3,7
11/15/2014 9:00,13,3,10
11/15/2014 10:00,23,6,17
11/15/2014 11:00,31,6,25
11/15/2014 12:00,45,9,36
11/15/2014 13:00,44,6,38
11/15/2014 14:00,51,4,47
11/15/2014 15:00,48,3,45
11/15/2014 16:00,32,3,29
11/15/2014 17:00,35,7,28
11/15/2014 18:00,7,1,6
11/15/2014 19:00,23,7,16
11/15/2014 20:00,26,4,22
11/15/2014 21:00,33,3,30
11/15/2014 22:00,18,3,15
11/15/2014 23:00,9,1,8
11/16/2014 0:00,2,0,2
11/16/2014 1:00,12,0,12
11/16/2014 2:00,0,0,0
11/16/2014 3:00,3,0,3
11/16/2014 4:00,2,0,2
11/16/2014 5:00,1,1,0
11/16/2014 6:00,13,5,8
11/16/2014 7:00,7,1,6
11/16/2014 8:00,5,1,4
11/16/2014 9:00,29,6,23
11/16/2014 10:00,31,5,26
11/16/2014 11:00,34,1,33
11/16/2014 12:00,31,9,22
11/16/2014 13:00,60,5,55
11/16/2014 14:00,60,13,47
11/16/2014 15:00,30,7,23
11/16/2014 16:00,32,15,17
11/16/2014 17:00,30,7,23
11/16/2014 18:00,9,1,8
11/16/2014 19:00,8,5,3
11/16/2014 20:00,8,1,7
11/16/2014 21:00,6,0,6
11/16/2014 22:00,7,1,6
11/16/2014 23:00,2,0,2
11/17/2014 0:00,4,0,4
11/17/2014 1:00,0,0,0
11/17/2014 2:00,3,0,3
11/17/2014 3:00,0,0,0
11/17/2014 4:00,2,2,0
11/17/2014 5:00,1,1,0
11/17/2014 6:00,13,10,3
11/17/2014 7:00,33,22,11
11/17/2014 8:00,25,14,11
11/17/2014 9:00,25,9,16
11/17/2014 10:00,25,6,19
11/17/2014 11:00,26,5,21
11/17/2014 12:00,32,5,27
11/17/2014 13:00,28,3,25
11/17/2014 14:00,38,10,28
11/17/2014 15:00,50,12,38
11/17/2014 16:00,72,6,66
11/17/2014 17:00,128,11,117
11/17/2014 18:00,60,10,50
11/17/2014 19:00,22,4,18
11/17/2014 20:00,22,0,22
11/17/2014 21:00,12,7,5
11/17/2014 22:00,2,2,0
11/17/2014 23:00,6,2,4
11/18/2014 0:00,2,0,2
11/18/2014 1:00,3,3,0
11/18/2014 2:00,0,0,0
11/18/2014 3:00,0,0,0
11/18/2014 4:00,0,0,0
11/18/2014 5:00,6,4,2
11/18/2014 6:00,10,5,5
11/18/2014 7:00,38,31,7
11/18/2014 8:00,30,10,20
11/18/2014 9:00,35,13,22
11/18/2014 10:00,17,13,4
11/18/2014 11:00,20,3,17
11/18/2014 12:00,48,10,38
11/18/2014 13:00,39,3,36
11/18/2014 14:00,50,5,45
11/18/2014 15:00,59,6,53
11/18/2014 16:00,55,6,49
11/18/2014 17:00,59,10,49
11/18/2014 18:00,28,6,22
11/18/2014 19:00,21,6,15
11/18/2014 20:00,10,0,10
11/18/2014 21:00,4,2,2
11/18/2014 22:00,7,0,7
11/18/2014 23:00,0,0,0
11/19/2014 0:00,2,0,2
11/19/2014 1:00,2,0,2
11/19/2014 2:00,0,0,0
11/19/2014 3:00,1,1,0
11/19/2014 4:00,4,4,0
11/19/2014 5:00,6,2,4
11/19/2014 6:00,15,11,4
11/19/2014 7:00,50,26,24
11/19/2014 8:00,50,18,32
11/19/2014 9:00,29,12,17
11/19/2014 10:00,24,6,18
11/19/2014 11:00,22,4,18
11/19/2014 12:00,36,13,23
11/19/2014 13:00,33,9,24
11/19/2014 14:00,55,10,45
11/19/2014 15:00,46,15,31
11/19/2014 16:00,81,12,69
11/19/2014 17:00,168,12,156
11/19/2014 18:00,52,16,36
11/19/2014 19:00,44,2,42
11/19/2014 20:00,40,10,30
11/19/2014 21:00,6,4,2
11/19/2014 22:00,7,1,6
11/19/2014 23:00,4,0,4
11/20/2014 0:00,1,1,0
11/20/2014 1:00,2,0,2
11/20/2014 2:00,0,0,0
11/20/2014 3:00,1,1,0
11/20/2014 4:00,2,2,0
11/20/2014 5:00,2,2,0
11/20/2014 6:00,10,8,2
11/20/2014 7:00,43,23,20
11/20/2014 8:00,29,13,16
11/20/2014 9:00,17,13,4
11/20/2014 10:00,15,3,12
11/20/2014 11:00,24,6,18
11/20/2014 12:00,51,19,32
11/20/2014 13:00,34,4,30
11/20/2014 14:00,81,12,69
11/20/2014 15:00,51,4,47
11/20/2014 16:00,77,11,66
11/20/2014 17:00,83,25,58
11/20/2014 18:00,29,15,14
11/20/2014 19:00,29,7,22
11/20/2014 20:00,11,3,8
11/20/2014 21:00,9,3,6
11/20/2014 22:00,10,3,7
11/20/2014 23:00,2,0,2
11/21/2014 0:00,2,0,2
11/21/2014 1:00,0,0,0
11/21/2014 2:00,4,0,4
11/21/2014 3:00,4,2,2
11/21/2014 4:00,0,0,0
11/21/2014 5:00,3,0,3
11/21/2014 6:00,5,2,3
11/21/2014 7:00,41,32,9
11/21/2014 8:00,25,7,18
11/21/2014 9:00,46,11,35
11/21/2014 10:00,56,7,49
11/21/2014 11:00,53,5,48
11/21/2014 12:00,42,9,33
11/21/2014 13:00,32,7,25
11/21/2014 14:00,33,6,27
11/21/2014 15:00,32,10,22
11/21/2014 16:00,62,5,57
11/21/2014 17:00,76,11,65
11/21/2014 18:00,44,9,35
11/21/2014 19:00,22,4,18
11/21/2014 20:00,20,2,18
11/21/2014 21:00,11,0,11
11/21/2014 22:00,15,1,14
11/21/2014 23:00,13,2,11
11/22/2014 0:00,2,0,2
11/22/2014 1:00,2,0,2
11/22/2014 2:00,3,2,1
11/22/2014 3:00,2,0,2
11/22/2014 4:00,0,0,0
11/22/2014 5:00,2,0,2
11/22/2014 6:00,2,2,0
11/22/2014 7:00,10,1,9
11/22/2014 8:00,11,5,6
11/22/2014 9:00,31,11,20
11/22/2014 10:00,19,1,18
11/22/2014 11:00,34,8,26
11/22/2014 12:00,39,8,31
11/22/2014 13:00,30,9,21
11/22/2014 14:00,19,5,14
11/22/2014 15:00,50,6,44
11/22/2014 16:00,48,8,40
11/22/2014 17:00,43,2,41
11/22/2014 18:00,14,2,12
11/22/2014 19:00,16,1,15
11/22/2014 20:00,16,3,13
11/22/2014 21:00,15,1,14
11/22/2014 22:00,6,0,6
11/22/2014 23:00,6,4,2
11/23/2014 0:00,6,0,6
11/23/2014 1:00,4,0,4
11/23/2014 2:00,4,0,4
11/23/2014 3:00,2,0,2
11/23/2014 4:00,0,0,0
11/23/2014 5:00,0,0,0
11/23/2014 6:00,0,0,0
11/23/2014 7:00,0,0,0
11/23/2014 8:00,1,1,0
11/23/2014 9:00,11,3,8
11/23/2014 10:00,20,6,14
11/23/2014 11:00,21,8,13
11/23/2014 12:00,38,5,33
11/23/2014 13:00,42,4,38
11/23/2014 14:00,36,7,29
11/23/2014 15:00,30,2,28
11/23/2014 16:00,37,11,26
11/23/2014 17:00,39,4,35
11/23/2014 18:00,23,4,19
11/23/2014 19:00,25,1,24
11/23/2014 20:00,15,2,13
11/23/2014 21:00,10,0,10
11/23/2014 22:00,8,1,7
11/23/2014 23:00,0,0,0
11/24/2014 0:00,5,0,5
11/24/2014 1:00,6,0,6
11/24/2014 2:00,0,0,0
11/24/2014 3:00,0,0,0
11/24/2014 4:00,3,1,2
11/24/2014 5:00,2,2,0
11/24/2014 6:00,11,4,7
11/24/2014 7:00,37,17,20
11/24/2014 8:00,29,10,19
11/24/2014 9:00,31,11,20
11/24/2014 10:00,30,4,26
11/24/2014 11:00,17,2,15
11/24/2014 12:00,36,5,31
11/24/2014 13:00,34,3,31
11/24/2014 14:00,30,13,17
11/24/2014 15:00,46,7,39
11/24/2014 16:00,42,10,32
11/24/2014 17:00,102,5,97
11/24/2014 18:00,69,2,67
11/24/2014 19:00,18,4,14
11/24/2014 20:00,31,9,22
11/24/2014 21:00,8,0,8
11/24/2014 22:00,6,2,4
11/24/2014 23:00,9,1,8
11/25/2014 0:00,2,0,2
11/25/2014 1:00,0,0,0
11/25/2014 2:00,0,0,0
11/25/2014 3:00,0,0,0
11/25/2014 4:00,2,2,0
11/25/2014 5:00,5,1,4
11/25/2014 6:00,7,4,3
11/25/2014 7:00,42,17,25
11/25/2014 8:00,19,10,9
11/25/2014 9:00,14,6,8
11/25/2014 10:00,11,2,9
11/25/2014 11:00,16,5,11
11/25/2014 12:00,32,5,27
11/25/2014 13:00,29,6,23
11/25/2014 14:00,33,5,28
11/25/2014 15:00,18,4,14
11/25/2014 16:00,39,8,31
11/25/2014 17:00,68,5,63
11/25/2014 18:00,80,5,75
11/25/2014 19:00,95,6,89
11/25/2014 20:00,24,2,22
11/25/2014 21:00,16,2,14
11/25/2014 22:00,14,0,14
11/25/2014 23:00,9,1,8
11/26/2014 0:00,11,3,8
11/26/2014 1:00,2,0,2
11/26/2014 2:00,2,0,2
11/26/2014 3:00,0,0,0
11/26/2014 4:00,1,1,0
11/26/2014 5:00,1,1,0
11/26/2014 6:00,12,5,7
11/26/2014 7:00,32,15,17
11/26/2014 8:00,40,13,27
11/26/2014 9:00,32,11,21
11/26/2014 10:00,24,4,20
11/26/2014 11:00,23,3,20
11/26/2014 12:00,22,6,16
11/26/2014 13:00,51,11,40
11/26/2014 14:00,32,2,30
11/26/2014 15:00,45,11,34
11/26/2014 16:00,40,6,34
11/26/2014 17:00,48,9,39
11/26/2014 18:00,66,10,56
11/26/2014 19:00,50,2,48
11/26/2014 20:00,24,0,24
11/26/2014 21:00,25,4,21
11/26/2014 22:00,12,1,11
11/26/2014 23:00,12,2,10
11/27/2014 0:00,4,1,3
11/27/2014 1:00,9,0,9
11/27/2014 2:00,12,1,11
11/27/2014 3:00,6,2,4
11/27/2014 4:00,0,0,0
11/27/2014 5:00,2,0,2
11/27/2014 6:00,4,2,2
11/27/2014 7:00,3,1,2
11/27/2014 8:00,12,1,11
11/27/2014 9:00,19,1,18
11/27/2014 10:00,38,6,32
11/27/2014 11:00,37,3,34
11/27/2014 12:00,39,6,33
11/27/2014 13:00,27,3,24
11/27/2014 14:00,19,2,17
11/27/2014 15:00,19,2,17
11/27/2014 16:00,6,1,5
11/27/2014 17:00,18,2,16
11/27/2014 18:00,6,2,4
11/27/2014 19:00,21,1,20
11/27/2014 20:00,29,4,25
11/27/2014 21:00,27,5,22
11/27/2014 22:00,5,1,4
11/27/2014 23:00,9,3,6
11/28/2014 0:00,0,0,0
11/28/2014 1:00,0,0,0
11/28/2014 2:00,2,0,2
11/28/2014 3:00,0,0,0
11/28/2014 4:00,1,1,0
11/28/2014 5:00,0,0,0
11/28/2014 6:00,0,0,0
11/28/2014 7:00,2,0,2
11/28/2014 8:00,10,5,5
11/28/2014 9:00,3,1,2
11/28/2014 10:00,5,2,3
11/28/2014 11:00,3,1,2
11/28/2014 12:00,17,4,13
11/28/2014 13:00,22,5,17
11/28/2014 14:00,9,2,7
11/28/2014 15:00,8,2,6
11/28/2014 16:00,15,1,14
11/28/2014 17:00,16,4,12
11/28/2014 18:00,8,4,4
11/28/2014 19:00,14,4,10
11/28/2014 20:00,5,4,1
11/28/2014 21:00,0,0,0
11/28/2014 22:00,1,1,0
11/28/2014 23:00,1,0,1
11/29/2014 0:00,0,0,0
11/29/2014 1:00,2,0,2
11/29/2014 2:00,0,0,0
11/29/2014 3:00,0,0,0
11/29/2014 4:00,2,0,2
11/29/2014 5:00,2,0,2
11/29/2014 6:00,2,2,0
11/29/2014 7:00,2,0,2
11/29/2014 8:00,9,4,5
11/29/2014 9:00,9,2,7
11/29/2014 10:00,18,5,13
11/29/2014 11:00,19,2,17
11/29/2014 12:00,15,2,13
11/29/2014 13:00,15,4,11
11/29/2014 14:00,13,5,8
11/29/2014 15:00,43,8,35
11/29/2014 16:00,41,4,37
11/29/2014 17:00,16,3,13
11/29/2014 18:00,17,5,12
11/29/2014 19:00,9,1,8
11/29/2014 20:00,9,5,4
11/29/2014 21:00,12,1,11
11/29/2014 22:00,17,3,14
11/29/2014 23:00,19,1,18
11/30/2014 0:00,3,1,2
11/30/2014 1:00,2,0,2
11/30/2014 2:00,6,0,6
11/30/2014 3:00,0,0,0
11/30/2014 4:00,2,0,2
11/30/2014 5:00,1,1,0
11/30/2014 6:00,4,0,4
11/30/2014 7:00,2,0,2
11/30/2014 8:00,4,0,4
11/30/2014 9:00,7,1,6
11/30/2014 10:00,21,8,13
11/30/2014 11:00,19,6,13
11/30/2014 12:00,12,3,9
11/30/2014 13:00,24,4,20
11/30/2014 14:00,18,5,13
11/30/2014 15:00,27,9,18
11/30/2014 16:00,25,2,23
11/30/2014 17:00,19,5,14
11/30/2014 18:00,17,4,13
11/30/2014 19:00,12,1,11
11/30/2014 20:00,8,5,3
11/30/2014 21:00,8,0,8
11/30/2014 22:00,9,4,5
11/30/2014 23:00,1,0,1
12/1/2014 0:00,0,0,0
12/1/2014 1:00,0,0,0
12/1/2014 2:00,2,0,2
12/1/2014 3:00,0,0,0
12/1/2014 4:00,2,2,0
12/1/2014 5:00,4,2,2
12/1/2014 6:00,6,4,2
12/1/2014 7:00,34,19,15
12/1/2014 8:00,18,4,14
12/1/2014 9:00,23,11,12
12/1/2014 10:00,23,5,18
12/1/2014 11:00,17,10,7
12/1/2014 12:00,12,2,10
12/1/2014 13:00,48,8,40
12/1/2014 14:00,34,10,24
12/1/2014 15:00,26,6,20
12/1/2014 16:00,42,9,33
12/1/2014 17:00,88,21,67
12/1/2014 18:00,85,13,72
12/1/2014 19:00,64,12,52
12/1/2014 20:00,22,3,19
12/1/2014 21:00,14,4,10
12/1/2014 22:00,12,1,11
12/1/2014 23:00,3,0,3
12/2/2014 0:00,2,2,0
12/2/2014 1:00,0,0,0
12/2/2014 2:00,0,0,0
12/2/2014 3:00,0,0,0
12/2/2014 4:00,0,0,0
12/2/2014 5:00,4,2,2
12/2/2014 6:00,12,11,1
12/2/2014 7:00,37,22,15
12/2/2014 8:00,24,9,15
12/2/2014 9:00,19,8,11
12/2/2014 10:00,25,4,21
12/2/2014 11:00,33,4,29
12/2/2014 12:00,40,5,35
12/2/2014 13:00,15,2,13
12/2/2014 14:00,34,9,25
12/2/2014 15:00,61,5,56
12/2/2014 16:00,83,7,76
12/2/2014 17:00,165,4,161
12/2/2014 18:00,107,8,99
12/2/2014 19:00,62,11,51
12/2/2014 20:00,48,1,47
12/2/2014 21:00,34,3,31
12/2/2014 22:00,18,6,12
12/2/2014 23:00,1,1,0
12/3/2014 0:00,10,0,10
12/3/2014 1:00,1,1,0
12/3/2014 2:00,0,0,0
12/3/2014 3:00,0,0,0
12/3/2014 4:00,5,1,4
12/3/2014 5:00,6,4,2
12/3/2014 6:00,6,5,1
12/3/2014 7:00,38,20,18
12/3/2014 8:00,47,21,26
12/3/2014 9:00,30,11,19
12/3/2014 10:00,37,7,30
12/3/2014 11:00,27,6,21
12/3/2014 12:00,36,5,31
12/3/2014 13:00,35,7,28
12/3/2014 14:00,28,4,24
12/3/2014 15:00,46,14,32
12/3/2014 16:00,85,6,79
12/3/2014 17:00,162,8,154
12/3/2014 18:00,37,9,28
12/3/2014 19:00,45,8,37
12/3/2014 20:00,24,9,15
12/3/2014 21:00,13,5,8
12/3/2014 22:00,5,0,5
12/3/2014 23:00,4,0,4
12/4/2014 0:00,12,2,10
12/4/2014 1:00,0,0,0
12/4/2014 2:00,4,0,4
12/4/2014 3:00,0,0,0
12/4/2014 4:00,3,2,1
12/4/2014 5:00,0,0,0
12/4/2014 6:00,26,7,19
12/4/2014 7:00,27,17,10
12/4/2014 8:00,33,19,14
12/4/2014 9:00,25,6,19
12/4/2014 10:00,15,4,11
12/4/2014 11:00,16,5,11
12/4/2014 12:00,43,8,35
12/4/2014 13:00,43,7,36
12/4/2014 14:00,28,5,23
12/4/2014 15:00,63,4,59
12/4/2014 16:00,49,5,44
12/4/2014 17:00,52,7,45
12/4/2014 18:00,47,7,40
12/4/2014 19:00,95,7,88
12/4/2014 20:00,39,4,35
12/4/2014 21:00,46,4,42
12/4/2014 22:00,22,0,22
12/4/2014 23:00,8,0,8
12/5/2014 0:00,5,0,5
12/5/2014 1:00,6,0,6
12/5/2014 2:00,0,0,0
12/5/2014 3:00,5,0,5
12/5/2014 4:00,2,2,0
12/5/2014 5:00,4,0,4
12/5/2014 6:00,16,7,9
12/5/2014 7:00,40,16,24
12/5/2014 8:00,28,10,18
12/5/2014 9:00,29,6,23
12/5/2014 10:00,13,4,9
12/5/2014 11:00,11,3,8
12/5/2014 12:00,19,6,13
12/5/2014 13:00,24,7,17
12/5/2014 14:00,28,9,19
12/5/2014 15:00,44,5,39
12/5/2014 16:00,50,9,41
12/5/2014 17:00,54,11,43
12/5/2014 18:00,83,2,81
12/5/2014 19:00,48,6,42
12/5/2014 20:00,22,2,20
12/5/2014 21:00,19,0,19
12/5/2014 22:00,18,0,18
12/5/2014 23:00,19,1,18
12/6/2014 0:00,8,0,8
12/6/2014 1:00,8,0,8
12/6/2014 2:00,9,3,6
12/6/2014 3:00,0,0,0
12/6/2014 4:00,2,2,0
12/6/2014 5:00,6,2,4
12/6/2014 6:00,3,2,1
12/6/2014 7:00,7,3,4
12/6/2014 8:00,11,8,3
12/6/2014 9:00,15,7,8
12/6/2014 10:00,17,8,9
12/6/2014 11:00,16,1,15
12/6/2014 12:00,29,7,22
12/6/2014 13:00,36,1,35
12/6/2014 14:00,26,1,25
12/6/2014 15:00,47,8,39
12/6/2014 16:00,26,7,19
12/6/2014 17:00,29,5,24
12/6/2014 18:00,21,5,16
12/6/2014 19:00,17,4,13
12/6/2014 20:00,15,5,10
12/6/2014 21:00,6,2,4
12/6/2014 22:00,19,2,17
12/6/2014 23:00,3,1,2
12/7/2014 0:00,12,0,12
12/7/2014 1:00,8,0,8
12/7/2014 2:00,9,1,8
12/7/2014 3:00,4,0,4
12/7/2014 4:00,0,0,0
12/7/2014 5:00,4,2,2
12/7/2014 6:00,0,0,0
12/7/2014 7:00,8,2,6
12/7/2014 8:00,9,1,8
12/7/2014 9:00,31,7,24
12/7/2014 10:00,27,6,21
12/7/2014 11:00,37,4,33
12/7/2014 12:00,47,3,44
12/7/2014 13:00,55,5,50
12/7/2014 14:00,47,1,46
12/7/2014 15:00,56,1,55
12/7/2014 16:00,61,6,55
12/7/2014 17:00,53,7,46
12/7/2014 18:00,18,0,18
12/7/2014 19:00,4,1,3
12/7/2014 20:00,11,5,6
12/7/2014 21:00,22,2,20
12/7/2014 22:00,22,2,20
12/7/2014 23:00,7,1,6
12/8/2014 0:00,3,1,2
12/8/2014 1:00,0,0,0
12/8/2014 2:00,0,0,0
12/8/2014 3:00,2,0,2
12/8/2014 4:00,0,0,0
12/8/2014 5:00,14,6,8
12/8/2014 6:00,20,8,12
12/8/2014 7:00,63,21,42
12/8/2014 8:00,41,9,32
12/8/2014 9:00,42,8,34
12/8/2014 10:00,41,9,32
12/8/2014 11:00,28,4,24
12/8/2014 12:00,43,9,34
12/8/2014 13:00,52,4,48
12/8/2014 14:00,45,5,40
12/8/2014 15:00,63,8,55
12/8/2014 16:00,101,10,91
12/8/2014 17:00,132,8,124
12/8/2014 18:00,79,13,66
12/8/2014 19:00,35,1,34
12/8/2014 20:00,23,3,20
12/8/2014 21:00,38,1,37
12/8/2014 22:00,18,2,16
12/8/2014 23:00,6,0,6
12/9/2014 0:00,7,3,4
12/9/2014 1:00,4,0,4
12/9/2014 2:00,2,0,2
12/9/2014 3:00,0,0,0
12/9/2014 4:00,3,3,0
12/9/2014 5:00,7,0,7
12/9/2014 6:00,16,8,8
12/9/2014 7:00,64,41,23
12/9/2014 8:00,41,13,28
12/9/2014 9:00,40,11,29
12/9/2014 10:00,31,12,19
12/9/2014 11:00,36,6,30
12/9/2014 12:00,39,2,37
12/9/2014 13:00,39,2,37
12/9/2014 14:00,33,10,23
12/9/2014 15:00,29,9,20
12/9/2014 16:00,48,5,43
12/9/2014 17:00,57,15,42
12/9/2014 18:00,32,10,22
12/9/2014 19:00,16,4,12
12/9/2014 20:00,24,7,17
12/9/2014 21:00,28,2,26
12/9/2014 22:00,17,0,17
12/9/2014 23:00,10,0,10
12/10/2014 0:00,0,0,0
12/10/2014 1:00,3,1,2
12/10/2014 2:00,4,0,4
12/10/2014 3:00,0,0,0
12/10/2014 4:00,3,2,1
12/10/2014 5:00,7,1,6
12/10/2014 6:00,9,9,0
12/10/2014 7:00,32,26,6
12/10/2014 8:00,38,28,10
12/10/2014 9:00,30,14,16
12/10/2014 10:00,7,4,3
12/10/2014 11:00,12,0,12
12/10/2014 12:00,31,4,27
12/10/2014 13:00,40,9,31
12/10/2014 14:00,63,9,54
12/10/2014 15:00,78,6,72
12/10/2014 16:00,35,6,29
12/10/2014 17:00,118,13,105
12/10/2014 18:00,77,6,71
12/10/2014 19:00,25,5,20
12/10/2014 20:00,30,1,29
12/10/2014 21:00,27,1,26
12/10/2014 22:00,21,1,20
12/10/2014 23:00,4,0,4
12/11/2014 0:00,7,0,7
12/11/2014 1:00,2,0,2
12/11/2014 2:00,2,0,2
12/11/2014 3:00,2,0,2
12/11/2014 4:00,3,3,0
12/11/2014 5:00,6,1,5
12/11/2014 6:00,10,8,2
12/11/2014 7:00,64,17,47
12/11/2014 8:00,24,12,12
12/11/2014 9:00,20,7,13
12/11/2014 10:00,25,7,18
12/11/2014 11:00,13,6,7
12/11/2014 12:00,14,5,9
12/11/2014 13:00,17,5,12
12/11/2014 14:00,19,5,14
12/11/2014 15:00,28,6,22
12/11/2014 16:00,24,6,18
12/11/2014 17:00,33,12,21
12/11/2014 18:00,19,5,14
12/11/2014 19:00,19,10,9
12/11/2014 20:00,9,0,9
12/11/2014 21:00,8,2,6
12/11/2014 22:00,7,1,6
12/11/2014 23:00,7,1,6
12/12/2014 0:00,4,2,2
12/12/2014 1:00,5,1,4
12/12/2014 2:00,0,0,0
12/12/2014 3:00,2,0,2
12/12/2014 4:00,9,1,8
12/12/2014 5:00,3,2,1
12/12/2014 6:00,5,5,0
12/12/2014 7:00,17,10,7
12/12/2014 8:00,28,12,16
12/12/2014 9:00,13,3,10
12/12/2014 10:00,12,5,7
12/12/2014 11:00,8,5,3
12/12/2014 12:00,22,6,16
12/12/2014 13:00,12,7,5
12/12/2014 14:00,7,3,4
12/12/2014 15:00,25,8,17
12/12/2014 16:00,58,7,51
12/12/2014 17:00,22,8,14
12/12/2014 18:00,44,8,36
12/12/2014 19:00,12,3,9
12/12/2014 20:00,6,2,4
12/12/2014 21:00,9,1,8
12/12/2014 22:00,15,1,14
12/12/2014 23:00,11,2,9
12/13/2014 0:00,7,1,6
12/13/2014 1:00,7,1,6
12/13/2014 2:00,0,0,0
12/13/2014 3:00,4,0,4
12/13/2014 4:00,1,0,1
12/13/2014 5:00,1,1,0
12/13/2014 6:00,2,2,0
12/13/2014 7:00,1,1,0
12/13/2014 8:00,9,6,3
12/13/2014 9:00,5,3,2
12/13/2014 10:00,16,4,12
12/13/2014 11:00,14,3,11
12/13/2014 12:00,14,5,9
12/13/2014 13:00,25,7,18
12/13/2014 14:00,41,4,37
12/13/2014 15:00,27,4,23
12/13/2014 16:00,16,5,11
12/13/2014 17:00,7,3,4
12/13/2014 18:00,18,5,13
12/13/2014 19:00,9,1,8
12/13/2014 20:00,15,3,12
12/13/2014 21:00,41,3,38
12/13/2014 22:00,17,1,16
12/13/2014 23:00,12,0,12
12/14/2014 0:00,8,0,8
12/14/2014 1:00,0,0,0
12/14/2014 2:00,1,1,0
12/14/2014 3:00,2,0,2
12/14/2014 4:00,2,0,2
12/14/2014 5:00,2,2,0
12/14/2014 6:00,1,1,0
12/14/2014 7:00,4,2,2
12/14/2014 8:00,4,0,4
12/14/2014 9:00,8,3,5
12/14/2014 10:00,11,3,8
12/14/2014 11:00,16,5,11
12/14/2014 12:00,14,2,12
12/14/2014 13:00,19,9,10
12/14/2014 14:00,16,2,14
12/14/2014 15:00,21,5,16
12/14/2014 16:00,28,1,27
12/14/2014 17:00,9,6,3
12/14/2014 18:00,10,3,7
12/14/2014 19:00,8,1,7
12/14/2014 20:00,10,2,8
12/14/2014 21:00,2,0,2
12/14/2014 22:00,2,2,0
12/14/2014 23:00,0,0,0
12/15/2014 0:00,6,0,6
12/15/2014 1:00,1,1,0
12/15/2014 2:00,2,0,2
12/15/2014 3:00,2,0,2
12/15/2014 4:00,2,2,0
12/15/2014 5:00,2,0,2
12/15/2014 6:00,3,3,0
12/15/2014 7:00,45,22,23
12/15/2014 8:00,38,16,22
12/15/2014 9:00,18,3,15
12/15/2014 10:00,27,9,18
12/15/2014 11:00,23,11,12
12/15/2014 12:00,15,3,12
12/15/2014 13:00,18,7,11
12/15/2014 14:00,14,5,9
12/15/2014 15:00,29,7,22
12/15/2014 16:00,31,11,20
12/15/2014 17:00,19,5,14
12/15/2014 18:00,31,2,29
12/15/2014 19:00,12,0,12
12/15/2014 20:00,4,1,3
12/15/2014 21:00,7,1,6
12/15/2014 22:00,3,0,3
12/15/2014 23:00,3,3,0
12/16/2014 0:00,0,0,0
12/16/2014 1:00,4,2,2
12/16/2014 2:00,0,0,0
12/16/2014 3:00,0,0,0
12/16/2014 4:00,3,3,0
12/16/2014 5:00,1,1,0
12/16/2014 6:00,10,9,1
12/16/2014 7:00,20,14,6
12/16/2014 8:00,26,12,14
12/16/2014 9:00,14,11,3
12/16/2014 10:00,20,8,12
12/16/2014 11:00,13,3,10
12/16/2014 12:00,21,5,16
12/16/2014 13:00,19,4,15
12/16/2014 14:00,25,5,20
12/16/2014 15:00,10,4,6
12/16/2014 16:00,21,5,16
12/16/2014 17:00,24,7,17
12/16/2014 18:00,24,7,17
12/16/2014 19:00,12,4,8
12/16/2014 20:00,5,1,4
12/16/2014 21:00,3,1,2
12/16/2014 22:00,3,0,3
12/16/2014 23:00,3,1,2
12/17/2014 0:00,2,0,2
12/17/2014 1:00,0,0,0
12/17/2014 2:00,1,0,1
12/17/2014 3:00,0,0,0
12/17/2014 4:00,1,1,0
12/17/2014 5:00,4,4,0
12/17/2014 6:00,8,6,2
12/17/2014 7:00,29,20,9
12/17/2014 8:00,26,6,20
12/17/2014 9:00,15,9,6
12/17/2014 10:00,21,3,18
12/17/2014 11:00,23,5,18
12/17/2014 12:00,20,5,15
12/17/2014 13:00,23,0,23
12/17/2014 14:00,35,3,32
12/17/2014 15:00,45,7,38
12/17/2014 16:00,52,5,47
12/17/2014 17:00,29,5,24
12/17/2014 18:00,31,6,25
12/17/2014 19:00,11,6,5
12/17/2014 20:00,12,3,9
12/17/2014 21:00,12,0,12
12/17/2014 22:00,6,2,4
12/17/2014 23:00,1,0,1
12/18/2014 0:00,1,0,1
12/18/2014 1:00,3,1,2
12/18/2014 2:00,0,0,0
12/18/2014 3:00,1,1,0
12/18/2014 4:00,0,0,0
12/18/2014 5:00,4,2,2
12/18/2014 6:00,8,5,3
12/18/2014 7:00,24,20,4
12/18/2014 8:00,28,18,10
12/18/2014 9:00,24,9,15
12/18/2014 10:00,18,9,9
12/18/2014 11:00,7,4,3
12/18/2014 12:00,16,1,15
12/18/2014 13:00,22,5,17
12/18/2014 14:00,17,10,7
12/18/2014 15:00,22,3,19
12/18/2014 16:00,17,4,13
12/18/2014 17:00,13,7,6
12/18/2014 18:00,20,5,15
12/18/2014 19:00,8,3,5
12/18/2014 20:00,5,2,3
12/18/2014 21:00,6,1,5
12/18/2014 22:00,8,2,6
12/18/2014 23:00,0,0,0
12/19/2014 0:00,0,0,0
12/19/2014 1:00,0,0,0
12/19/2014 2:00,0,0,0
12/19/2014 3:00,1,1,0
12/19/2014 4:00,0,0,0
12/19/2014 5:00,2,0,2
12/19/2014 6:00,6,5,1
12/19/2014 7:00,4,4,0
12/19/2014 8:00,23,12,11
12/19/2014 9:00,14,9,5
12/19/2014 10:00,19,8,11
12/19/2014 11:00,14,6,8
12/19/2014 12:00,8,4,4
12/19/2014 13:00,20,3,17
12/19/2014 14:00,13,4,9
12/19/2014 15:00,15,4,11
12/19/2014 16:00,19,5,14
12/19/2014 17:00,31,12,19
12/19/2014 18:00,18,3,15
12/19/2014 19:00,8,5,3
12/19/2014 20:00,0,0,0
12/19/2014 21:00,5,1,4
12/19/2014 22:00,11,3,8
12/19/2014 23:00,0,0,0
12/20/2014 0:00,1,1,0
12/20/2014 1:00,7,2,5
12/20/2014 2:00,2,0,2
12/20/2014 3:00,0,0,0
12/20/2014 4:00,0,0,0
12/20/2014 5:00,4,1,3
12/20/2014 6:00,2,2,0
12/20/2014 7:00,2,2,0
12/20/2014 8:00,4,3,1
12/20/2014 9:00,4,1,3
12/20/2014 10:00,2,2,0
12/20/2014 11:00,6,1,5
12/20/2014 12:00,10,3,7
12/20/2014 13:00,13,3,10
12/20/2014 14:00,17,4,13
12/20/2014 15:00,17,7,10
12/20/2014 16:00,20,5,15
12/20/2014 17:00,7,2,5
12/20/2014 18:00,56,1,55
12/20/2014 19:00,5,4,1
12/20/2014 20:00,7,3,4
12/20/2014 21:00,4,0,4
12/20/2014 22:00,6,2,4
12/20/2014 23:00,12,3,9
12/21/2014 0:00,4,0,4
12/21/2014 1:00,3,1,2
12/21/2014 2:00,1,1,0
12/21/2014 3:00,0,0,0
12/21/2014 4:00,0,0,0
12/21/2014 5:00,4,0,4
12/21/2014 6:00,0,0,0
12/21/2014 7:00,1,1,0
12/21/2014 8:00,5,5,0
12/21/2014 9:00,8,7,1
12/21/2014 10:00,10,4,6
12/21/2014 11:00,12,6,6
12/21/2014 12:00,13,5,8
12/21/2014 13:00,21,4,17
12/21/2014 14:00,11,2,9
12/21/2014 15:00,12,1,11
12/21/2014 16:00,18,1,17
12/21/2014 17:00,27,3,24
12/21/2014 18:00,4,0,4
12/21/2014 19:00,26,7,19
12/21/2014 20:00,16,2,14
12/21/2014 21:00,10,2,8
12/21/2014 22:00,7,1,6
12/21/2014 23:00,3,1,2
12/22/2014 0:00,0,0,0
12/22/2014 1:00,4,0,4
12/22/2014 2:00,1,1,0
12/22/2014 3:00,0,0,0
12/22/2014 4:00,1,1,0
12/22/2014 5:00,3,3,0
12/22/2014 6:00,5,5,0
12/22/2014 7:00,13,9,4
12/22/2014 8:00,16,9,7
12/22/2014 9:00,9,7,2
12/22/2014 10:00,17,5,12
12/22/2014 11:00,12,5,7
12/22/2014 12:00,19,8,11
12/22/2014 13:00,13,2,11
12/22/2014 14:00,14,5,9
12/22/2014 15:00,19,7,12
12/22/2014 16:00,21,2,19
12/22/2014 17:00,14,4,10
12/22/2014 18:00,17,7,10
12/22/2014 19:00,7,2,5
12/22/2014 20:00,3,1,2
12/22/2014 21:00,4,2,2
12/22/2014 22:00,1,0,1
12/22/2014 23:00,6,2,4
12/23/2014 0:00,0,0,0
12/23/2014 1:00,2,0,2
12/23/2014 2:00,0,0,0
12/23/2014 3:00,0,0,0
12/23/2014 4:00,0,0,0
12/23/2014 5:00,1,0,1
12/23/2014 6:00,7,7,0
12/23/2014 7:00,11,6,5
12/23/2014 8:00,7,5,2
12/23/2014 9:00,15,10,5
12/23/2014 10:00,21,6,15
12/23/2014 11:00,18,8,10
12/23/2014 12:00,18,5,13
12/23/2014 13:00,6,1,5
12/23/2014 14:00,13,2,11
12/23/2014 15:00,11,4,7
12/23/2014 16:00,10,4,6
12/23/2014 17:00,17,8,9
12/23/2014 18:00,10,5,5
12/23/2014 19:00,12,2,10
12/23/2014 20:00,5,0,5
12/23/2014 21:00,7,0,7
12/23/2014 22:00,14,2,12
12/23/2014 23:00,2,0,2
12/24/2014 0:00,3,0,3
12/24/2014 1:00,0,0,0
12/24/2014 2:00,0,0,0
12/24/2014 3:00,0,0,0
12/24/2014 4:00,1,1,0
12/24/2014 5:00,4,1,3
12/24/2014 6:00,5,5,0
12/24/2014 7:00,3,1,2
12/24/2014 8:00,14,6,8
12/24/2014 9:00,12,3,9
12/24/2014 10:00,52,9,43
12/24/2014 11:00,14,9,5
12/24/2014 12:00,21,6,15
12/24/2014 13:00,14,5,9
12/24/2014 14:00,16,1,15
12/24/2014 15:00,20,5,15
12/24/2014 16:00,7,2,5
12/24/2014 17:00,11,2,9
12/24/2014 18:00,43,7,36
12/24/2014 19:00,26,0,26
12/24/2014 20:00,27,6,21
12/24/2014 21:00,30,2,28
12/24/2014 22:00,8,0,8
12/24/2014 23:00,5,1,4
12/25/2014 0:00,2,0,2
12/25/2014 1:00,0,0,0
12/25/2014 2:00,4,0,4
12/25/2014 3:00,0,0,0
12/25/2014 4:00,0,0,0
12/25/2014 5:00,0,0,0
12/25/2014 6:00,3,3,0
12/25/2014 7:00,4,1,3
12/25/2014 8:00,6,3,3
12/25/2014 9:00,3,1,2
12/25/2014 10:00,5,3,2
12/25/2014 11:00,22,7,15
12/25/2014 12:00,17,3,14
12/25/2014 13:00,20,7,13
12/25/2014 14:00,19,11,8
12/25/2014 15:00,5,0,5
12/25/2014 16:00,7,3,4
12/25/2014 17:00,11,3,8
12/25/2014 18:00,6,3,3
12/25/2014 19:00,3,2,1
12/25/2014 20:00,6,4,2
12/25/2014 21:00,0,0,0
12/25/2014 22:00,4,4,0
12/25/2014 23:00,2,0,2
12/26/2014 0:00,1,1,0
12/26/2014 1:00,0,0,0
12/26/2014 2:00,0,0,0
12/26/2014 3:00,0,0,0
12/26/2014 4:00,0,0,0
12/26/2014 5:00,1,1,0
12/26/2014 6:00,1,1,0
12/26/2014 7:00,1,1,0
12/26/2014 8:00,7,3,4
12/26/2014 9:00,12,3,9
12/26/2014 10:00,17,1,16
12/26/2014 11:00,25,3,22
12/26/2014 12:00,21,8,13
12/26/2014 13:00,20,3,17
12/26/2014 14:00,22,8,14
12/26/2014 15:00,30,5,25
12/26/2014 16:00,36,3,33
12/26/2014 17:00,12,1,11
12/26/2014 18:00,5,3,2
12/26/2014 19:00,13,1,12
12/26/2014 20:00,10,2,8
12/26/2014 21:00,3,0,3
12/26/2014 22:00,6,1,5
12/26/2014 23:00,2,0,2
12/27/2014 0:00,4,2,2
12/27/2014 1:00,0,0,0
12/27/2014 2:00,0,0,0
12/27/2014 3:00,0,0,0
12/27/2014 4:00,1,0,1
12/27/2014 5:00,0,0,0
12/27/2014 6:00,2,2,0
12/27/2014 7:00,0,0,0
12/27/2014 8:00,10,6,4
12/27/2014 9:00,4,4,0
12/27/2014 10:00,11,5,6
12/27/2014 11:00,9,7,2
12/27/2014 12:00,7,3,4
12/27/2014 13:00,18,2,16
12/27/2014 14:00,9,3,6
12/27/2014 15:00,16,3,13
12/27/2014 16:00,7,3,4
12/27/2014 17:00,11,2,9
12/27/2014 18:00,7,1,6
12/27/2014 19:00,6,0,6
12/27/2014 20:00,4,0,4
12/27/2014 21:00,4,2,2
12/27/2014 22:00,2,0,2
12/27/2014 23:00,0,0,0
12/28/2014 0:00,2,2,0
12/28/2014 1:00,1,1,0
12/28/2014 2:00,2,0,2
12/28/2014 3:00,0,0,0
12/28/2014 4:00,0,0,0
12/28/2014 5:00,2,0,2
12/28/2014 6:00,1,1,0
12/28/2014 7:00,3,1,2
12/28/2014 8:00,3,1,2
12/28/2014 9:00,10,6,4
12/28/2014 10:00,13,4,9
12/28/2014 11:00,28,4,24
12/28/2014 12:00,17,2,15
12/28/2014 13:00,14,3,11
12/28/2014 14:00,4,0,4
12/28/2014 15:00,1,1,0
12/28/2014 16:00,9,4,5
12/28/2014 17:00,15,2,13
12/28/2014 18:00,8,5,3
12/28/2014 19:00,7,4,3
12/28/2014 20:00,0,0,0
12/28/2014 21:00,6,1,5
12/28/2014 22:00,5,2,3
12/28/2014 23:00,2,0,2
12/29/2014 0:00,5,0,5
12/29/2014 1:00,2,0,2
12/29/2014 2:00,0,0,0
12/29/2014 3:00,0,0,0
12/29/2014 4:00,0,0,0
12/29/2014 5:00,2,0,2
12/29/2014 6:00,2,2,0
12/29/2014 7:00,10,6,4
12/29/2014 8:00,15,10,5
12/29/2014 9:00,9,9,0
12/29/2014 10:00,20,7,13
12/29/2014 11:00,22,8,14
12/29/2014 12:00,7,5,2
12/29/2014 13:00,18,7,11
12/29/2014 14:00,18,4,14
12/29/2014 15:00,28,5,23
12/29/2014 16:00,18,7,11
12/29/2014 17:00,21,8,13
12/29/2014 18:00,11,1,10
12/29/2014 19:00,8,3,5
12/29/2014 20:00,5,3,2
12/29/2014 21:00,5,1,4
12/29/2014 22:00,5,1,4
12/29/2014 23:00,2,2,0
12/30/2014 0:00,0,0,0
12/30/2014 1:00,0,0,0
12/30/2014 2:00,0,0,0
12/30/2014 3:00,0,0,0
12/30/2014 4:00,0,0,0
12/30/2014 5:00,0,0,0
12/30/2014 6:00,0,0,0
12/30/2014 7:00,2,0,2
12/30/2014 8:00,3,1,2
12/30/2014 9:00,26,6,20
12/30/2014 10:00,31,6,25
12/30/2014 11:00,25,1,24
12/30/2014 12:00,47,7,40
12/30/2014 13:00,36,7,29
12/30/2014 14:00,36,7,29
12/30/2014 15:00,25,9,16
12/30/2014 16:00,42,4,38
12/30/2014 17:00,54,6,48
12/30/2014 18:00,36,9,27
12/30/2014 19:00,21,5,16
12/30/2014 20:00,11,2,9
12/30/2014 21:00,6,0,6
12/30/2014 22:00,10,0,10
12/30/2014 23:00,6,1,5
12/31/2014 0:00,3,0,3
12/31/2014 1:00,4,2,2
12/31/2014 2:00,0,0,0
12/31/2014 3:00,0,0,0
12/31/2014 4:00,2,0,2
12/31/2014 5:00,3,1,2
12/31/2014 6:00,5,5,0
12/31/2014 7:00,20,9,11
12/31/2014 8:00,25,7,18
12/31/2014 9:00,32,12,20
12/31/2014 10:00,37,11,26
12/31/2014 11:00,51,2,49
12/31/2014 12:00,41,4,37
12/31/2014 13:00,50,10,40
12/31/2014 14:00,49,5,44
12/31/2014 15:00,20,3,17
12/31/2014 16:00,49,6,43
12/31/2014 17:00,66,11,55
12/31/2014 18:00,35,4,31
12/31/2014 19:00,31,5,26
12/31/2014 20:00,26,4,22
12/31/2014 21:00,8,2,6
12/31/2014 22:00,7,1,6
12/31/2014 23:00,8,0,8
1/1/2015 0:00,14,2,12
1/1/2015 1:00,16,0,16
1/1/2015 2:00,6,0,6
1/1/2015 3:00,5,1,4
1/1/2015 4:00,2,2,0
1/1/2015 5:00,0,0,0
1/1/2015 6:00,0,0,0
1/1/2015 7:00,4,0,4
1/1/2015 8:00,3,0,3
1/1/2015 9:00,12,1,11
1/1/2015 10:00,12,2,10
1/1/2015 11:00,8,1,7
1/1/2015 12:00,23,5,18
1/1/2015 13:00,41,3,38
1/1/2015 14:00,52,3,49
1/1/2015 15:00,53,4,49
1/1/2015 16:00,50,0,50
1/1/2015 17:00,36,2,34
1/1/2015 18:00,25,1,24
1/1/2015 19:00,17,4,13
1/1/2015 20:00,14,0,14
1/1/2015 21:00,19,1,18
1/1/2015 22:00,14,2,12
1/1/2015 23:00,9,1,8
1/2/2015 0:00,8,0,8
1/2/2015 1:00,3,1,2
1/2/2015 2:00,2,0,2
1/2/2015 3:00,0,0,0
1/2/2015 4:00,2,2,0
1/2/2015 5:00,0,0,0
1/2/2015 6:00,4,4,0
1/2/2015 7:00,18,8,10
1/2/2015 8:00,17,8,9
1/2/2015 9:00,15,4,11
1/2/2015 10:00,8,8,0
1/2/2015 11:00,18,4,14
1/2/2015 12:00,32,5,27
1/2/2015 13:00,35,5,30
1/2/2015 14:00,36,0,36
1/2/2015 15:00,41,4,37
1/2/2015 16:00,68,1,67
1/2/2015 17:00,76,6,70
1/2/2015 18:00,41,3,38
1/2/2015 19:00,34,6,28
1/2/2015 20:00,27,1,26
1/2/2015 21:00,20,1,19
1/2/2015 22:00,15,1,14
1/2/2015 23:00,14,0,14
1/3/2015 0:00,13,0,13
1/3/2015 1:00,6,0,6
1/3/2015 2:00,4,0,4
1/3/2015 3:00,6,0,6
1/3/2015 4:00,3,3,0
1/3/2015 5:00,2,0,2
1/3/2015 6:00,5,3,2
1/3/2015 7:00,2,2,0
1/3/2015 8:00,11,1,10
1/3/2015 9:00,17,5,12
1/3/2015 10:00,18,5,13
1/3/2015 11:00,29,4,25
1/3/2015 12:00,45,4,41
1/3/2015 13:00,32,7,25
1/3/2015 14:00,12,0,12
1/3/2015 15:00,8,4,4
1/3/2015 16:00,23,3,20
1/3/2015 17:00,13,1,12
1/3/2015 18:00,10,5,5
1/3/2015 19:00,5,2,3
1/3/2015 20:00,19,4,15
1/3/2015 21:00,23,3,20
1/3/2015 22:00,22,0,22
1/3/2015 23:00,18,0,18
1/4/2015 0:00,8,0,8
1/4/2015 1:00,7,1,6
1/4/2015 2:00,0,0,0
1/4/2015 3:00,1,1,0
1/4/2015 4:00,6,0,6
1/4/2015 5:00,12,4,8
1/4/2015 6:00,3,0,3
1/4/2015 7:00,6,0,6
1/4/2015 8:00,13,3,10
1/4/2015 9:00,10,0,10
1/4/2015 10:00,24,3,21
1/4/2015 11:00,41,3,38
1/4/2015 12:00,53,9,44
1/4/2015 13:00,35,0,35
1/4/2015 14:00,48,2,46
1/4/2015 15:00,24,4,20
1/4/2015 16:00,27,7,20
1/4/2015 17:00,42,3,39
1/4/2015 18:00,25,2,23
1/4/2015 19:00,26,2,24
1/4/2015 20:00,8,0,8
1/4/2015 21:00,19,3,16
1/4/2015 22:00,8,2,6
1/4/2015 23:00,12,0,12
1/5/2015 0:00,6,0,6
1/5/2015 1:00,5,1,4
1/5/2015 2:00,2,0,2
1/5/2015 3:00,0,0,0
1/5/2015 4:00,5,3,2
1/5/2015 5:00,7,1,6
1/5/2015 6:00,12,9,3
1/5/2015 7:00,63,17,46
1/5/2015 8:00,36,10,26
1/5/2015 9:00,45,10,35
1/5/2015 10:00,25,7,18
1/5/2015 11:00,21,2,19
1/5/2015 12:00,8,3,5
1/5/2015 13:00,7,4,3
1/5/2015 14:00,15,2,13
1/5/2015 15:00,30,9,21
1/5/2015 16:00,28,5,23
1/5/2015 17:00,33,6,27
1/5/2015 18:00,21,11,10
1/5/2015 19:00,21,2,19
1/5/2015 20:00,20,4,16
1/5/2015 21:00,34,4,30
1/5/2015 22:00,19,3,16
1/5/2015 23:00,3,1,2
1/6/2015 0:00,4,0,4
1/6/2015 1:00,3,1,2
1/6/2015 2:00,0,0,0
1/6/2015 3:00,0,0,0
1/6/2015 4:00,6,4,2
1/6/2015 5:00,3,1,2
1/6/2015 6:00,23,10,13
1/6/2015 7:00,74,20,54
1/6/2015 8:00,51,19,32
1/6/2015 9:00,53,9,44
1/6/2015 10:00,15,2,13
1/6/2015 11:00,16,7,9
1/6/2015 12:00,19,7,12
1/6/2015 13:00,33,3,30
1/6/2015 14:00,19,2,17
1/6/2015 15:00,14,4,10
1/6/2015 16:00,22,3,19
1/6/2015 17:00,30,8,22
1/6/2015 18:00,16,6,10
1/6/2015 19:00,33,2,31
1/6/2015 20:00,37,2,35
1/6/2015 21:00,18,0,18
1/6/2015 22:00,23,2,21
1/6/2015 23:00,10,0,10
1/7/2015 0:00,5,1,4
1/7/2015 1:00,0,0,0
1/7/2015 2:00,0,0,0
1/7/2015 3:00,3,1,2
1/7/2015 4:00,2,2,0
1/7/2015 5:00,6,2,4
1/7/2015 6:00,16,12,4
1/7/2015 7:00,40,18,22
1/7/2015 8:00,32,17,15
1/7/2015 9:00,30,7,23
1/7/2015 10:00,17,6,11
1/7/2015 11:00,12,3,9
1/7/2015 12:00,12,6,6
1/7/2015 13:00,19,5,14
1/7/2015 14:00,29,6,23
1/7/2015 15:00,20,8,12
1/7/2015 16:00,19,6,13
1/7/2015 17:00,25,4,21
1/7/2015 18:00,22,5,17
1/7/2015 19:00,27,7,20
1/7/2015 20:00,7,4,3
1/7/2015 21:00,11,2,9
1/7/2015 22:00,8,3,5
1/7/2015 23:00,0,0,0
1/8/2015 0:00,1,0,1
1/8/2015 1:00,0,0,0
1/8/2015 2:00,0,0,0
1/8/2015 3:00,0,0,0
1/8/2015 4:00,3,3,0
1/8/2015 5:00,0,0,0
1/8/2015 6:00,12,7,5
1/8/2015 7:00,29,17,12
1/8/2015 8:00,30,11,19
1/8/2015 9:00,18,7,11
1/8/2015 10:00,23,10,13
1/8/2015 11:00,41,7,34
1/8/2015 12:00,14,5,9
1/8/2015 13:00,20,3,17
1/8/2015 14:00,39,10,29
1/8/2015 15:00,56,10,46
1/8/2015 16:00,63,14,49
1/8/2015 17:00,48,5,43
1/8/2015 18:00,62,10,52
1/8/2015 19:00,21,1,20
1/8/2015 20:00,6,3,3
1/8/2015 21:00,6,2,4
1/8/2015 22:00,10,4,6
1/8/2015 23:00,5,3,2
1/9/2015 0:00,0,0,0
1/9/2015 1:00,1,0,1
1/9/2015 2:00,5,2,3
1/9/2015 3:00,0,0,0
1/9/2015 4:00,5,2,3
1/9/2015 5:00,7,2,5
1/9/2015 6:00,16,8,8
1/9/2015 7:00,37,21,16
1/9/2015 8:00,24,8,16
1/9/2015 9:00,31,10,21
1/9/2015 10:00,11,2,9
1/9/2015 11:00,40,7,33
1/9/2015 12:00,38,8,30
1/9/2015 13:00,34,3,31
1/9/2015 14:00,40,6,34
1/9/2015 15:00,55,14,41
1/9/2015 16:00,51,4,47
1/9/2015 17:00,48,4,44
1/9/2015 18:00,39,9,30
1/9/2015 19:00,24,2,22
1/9/2015 20:00,23,3,20
1/9/2015 21:00,8,2,6
1/9/2015 22:00,26,1,25
1/9/2015 23:00,18,0,18
1/10/2015 0:00,12,2,10
1/10/2015 1:00,7,1,6
1/10/2015 2:00,2,0,2
1/10/2015 3:00,0,0,0
1/10/2015 4:00,2,0,2
1/10/2015 5:00,7,2,5
1/10/2015 6:00,6,2,4
1/10/2015 7:00,2,2,0
1/10/2015 8:00,10,2,8
1/10/2015 9:00,19,8,11
1/10/2015 10:00,21,7,14
1/10/2015 11:00,21,5,16
1/10/2015 12:00,19,7,12
1/10/2015 13:00,31,11,20
1/10/2015 14:00,28,1,27
1/10/2015 15:00,14,3,11
1/10/2015 16:00,19,11,8
1/10/2015 17:00,21,8,13
1/10/2015 18:00,16,4,12
1/10/2015 19:00,2,0,2
1/10/2015 20:00,4,2,2
1/10/2015 21:00,9,2,7
1/10/2015 22:00,14,2,12
1/10/2015 23:00,5,1,4
1/11/2015 0:00,1,0,1
1/11/2015 1:00,8,0,8
1/11/2015 2:00,4,0,4
1/11/2015 3:00,0,0,0
1/11/2015 4:00,0,0,0
1/11/2015 5:00,3,1,2
1/11/2015 6:00,0,0,0
1/11/2015 7:00,4,2,2
1/11/2015 8:00,9,5,4
1/11/2015 9:00,13,5,8
1/11/2015 10:00,18,4,14
1/11/2015 11:00,22,3,19
1/11/2015 12:00,18,3,15
1/11/2015 13:00,30,7,23
1/11/2015 14:00,28,10,18
1/11/2015 15:00,41,3,38
1/11/2015 16:00,24,3,21
1/11/2015 17:00,40,7,33
1/11/2015 18:00,29,2,27
1/11/2015 19:00,19,2,17
1/11/2015 20:00,15,2,13
1/11/2015 21:00,9,2,7
1/11/2015 22:00,2,0,2
1/11/2015 23:00,2,0,2
1/12/2015 0:00,4,2,2
1/12/2015 1:00,2,0,2
1/12/2015 2:00,0,0,0
1/12/2015 3:00,0,0,0
1/12/2015 4:00,1,1,0
1/12/2015 5:00,6,2,4
1/12/2015 6:00,11,7,4
1/12/2015 7:00,33,21,12
1/12/2015 8:00,45,21,24
1/12/2015 9:00,35,8,27
1/12/2015 10:00,19,5,14
1/12/2015 11:00,19,6,13
1/12/2015 12:00,24,4,20
1/12/2015 13:00,39,6,33
1/12/2015 14:00,47,6,41
1/12/2015 15:00,30,3,27
1/12/2015 16:00,34,5,29
1/12/2015 17:00,78,8,70
1/12/2015 18:00,30,2,28
1/12/2015 19:00,27,4,23
1/12/2015 20:00,17,1,16
1/12/2015 21:00,20,3,17
1/12/2015 22:00,4,2,2
1/12/2015 23:00,2,0,2
1/13/2015 0:00,3,0,3
1/13/2015 1:00,0,0,0
1/13/2015 2:00,1,1,0
1/13/2015 3:00,2,0,2
1/13/2015 4:00,0,0,0
1/13/2015 5:00,3,1,2
1/13/2015 6:00,11,8,3
1/13/2015 7:00,28,18,10
1/13/2015 8:00,52,11,41
1/13/2015 9:00,31,11,20
1/13/2015 10:00,34,11,23
1/13/2015 11:00,32,8,24
1/13/2015 12:00,19,4,15
1/13/2015 13:00,28,2,26
1/13/2015 14:00,50,6,44
1/13/2015 15:00,34,7,27
1/13/2015 16:00,65,10,55
1/13/2015 17:00,66,10,56
1/13/2015 18:00,32,5,27
1/13/2015 19:00,36,2,34
1/13/2015 20:00,21,2,19
1/13/2015 21:00,10,6,4
1/13/2015 22:00,4,1,3
1/13/2015 23:00,7,1,6
1/14/2015 0:00,1,1,0
1/14/2015 1:00,2,0,2
1/14/2015 2:00,0,0,0
1/14/2015 3:00,0,0,0
1/14/2015 4:00,0,0,0
1/14/2015 5:00,4,2,2
1/14/2015 6:00,24,15,9
1/14/2015 7:00,27,14,13
1/14/2015 8:00,25,12,13
1/14/2015 9:00,32,4,28
1/14/2015 10:00,19,5,14
1/14/2015 11:00,15,7,8
1/14/2015 12:00,38,10,28
1/14/2015 13:00,56,13,43
1/14/2015 14:00,29,4,25
1/14/2015 15:00,44,11,33
1/14/2015 16:00,68,5,63
1/14/2015 17:00,41,2,39
1/14/2015 18:00,35,5,30
1/14/2015 19:00,24,3,21
1/14/2015 20:00,13,2,11
1/14/2015 21:00,12,1,11
1/14/2015 22:00,7,2,5
1/14/2015 23:00,1,1,0
1/15/2015 0:00,4,0,4
1/15/2015 1:00,2,0,2
1/15/2015 2:00,0,0,0
1/15/2015 3:00,0,0,0
1/15/2015 4:00,0,0,0
1/15/2015 5:00,1,0,1
1/15/2015 6:00,12,9,3
1/15/2015 7:00,28,12,16
1/15/2015 8:00,38,15,23
1/15/2015 9:00,28,6,22
1/15/2015 10:00,26,4,22
1/15/2015 11:00,23,9,14
1/15/2015 12:00,24,5,19
1/15/2015 13:00,16,6,10
1/15/2015 14:00,28,3,25
1/15/2015 15:00,24,4,20
1/15/2015 16:00,76,6,70
1/15/2015 17:00,65,7,58
1/15/2015 18:00,27,5,22
1/15/2015 19:00,36,8,28
1/15/2015 20:00,23,4,19
1/15/2015 21:00,20,2,18
1/15/2015 22:00,6,1,5
1/15/2015 23:00,1,0,1
1/16/2015 0:00,6,0,6
1/16/2015 1:00,0,0,0
1/16/2015 2:00,0,0,0
1/16/2015 3:00,0,0,0
1/16/2015 4:00,0,0,0
1/16/2015 5:00,1,1,0
1/16/2015 6:00,10,8,2
1/16/2015 7:00,25,10,15
1/16/2015 8:00,30,12,18
1/16/2015 9:00,18,8,10
1/16/2015 10:00,20,2,18
1/16/2015 11:00,15,7,8
1/16/2015 12:00,6,3,3
1/16/2015 13:00,22,4,18
1/16/2015 14:00,35,5,30
1/16/2015 15:00,31,4,27
1/16/2015 16:00,56,10,46
1/16/2015 17:00,45,3,42
1/16/2015 18:00,50,2,48
1/16/2015 19:00,27,4,23
1/16/2015 20:00,24,6,18
1/16/2015 21:00,19,2,17
1/16/2015 22:00,22,1,21
1/16/2015 23:00,5,1,4
1/17/2015 0:00,3,1,2
1/17/2015 1:00,0,0,0
1/17/2015 2:00,0,0,0
1/17/2015 3:00,1,0,1
1/17/2015 4:00,0,0,0
1/17/2015 5:00,2,0,2
1/17/2015 6:00,5,3,2
1/17/2015 7:00,7,3,4
1/17/2015 8:00,14,4,10
1/17/2015 9:00,9,5,4
1/17/2015 10:00,14,5,9
1/17/2015 11:00,18,4,14
1/17/2015 12:00,22,5,17
1/17/2015 13:00,27,7,20
1/17/2015 14:00,36,8,28
1/17/2015 15:00,28,1,27
1/17/2015 16:00,35,6,29
1/17/2015 17:00,27,4,23
1/17/2015 18:00,18,7,11
1/17/2015 19:00,20,1,19
1/17/2015 20:00,13,3,10
1/17/2015 21:00,8,1,7
1/17/2015 22:00,11,1,10
1/17/2015 23:00,2,0,2
1/18/2015 0:00,4,0,4
1/18/2015 1:00,3,0,3
1/18/2015 2:00,0,0,0
1/18/2015 3:00,0,0,0
1/18/2015 4:00,4,0,4
1/18/2015 5:00,0,0,0
1/18/2015 6:00,0,0,0
1/18/2015 7:00,2,2,0
1/18/2015 8:00,9,1,8
1/18/2015 9:00,15,3,12
1/18/2015 10:00,13,4,9
1/18/2015 11:00,23,3,20
1/18/2015 12:00,8,0,8
1/18/2015 13:00,28,2,26
1/18/2015 14:00,20,2,18
1/18/2015 15:00,28,1,27
1/18/2015 16:00,58,6,52
1/18/2015 17:00,45,5,40
1/18/2015 18:00,32,3,29
1/18/2015 19:00,18,3,15
1/18/2015 20:00,10,0,10
1/18/2015 21:00,11,2,9
1/18/2015 22:00,10,0,10
1/18/2015 23:00,10,0,10
1/19/2015 0:00,0,0,0
1/19/2015 1:00,2,0,2
1/19/2015 2:00,4,0,4
1/19/2015 3:00,5,3,2
1/19/2015 4:00,0,0,0
1/19/2015 5:00,1,1,0
1/19/2015 6:00,4,4,0
1/19/2015 7:00,16,9,7
1/19/2015 8:00,10,6,4
1/19/2015 9:00,25,8,17
1/19/2015 10:00,20,3,17
1/19/2015 11:00,22,3,19
1/19/2015 12:00,38,7,31
1/19/2015 13:00,45,5,40
1/19/2015 14:00,27,7,20
1/19/2015 15:00,42,15,27
1/19/2015 16:00,34,5,29
1/19/2015 17:00,35,7,28
1/19/2015 18:00,24,1,23
1/19/2015 19:00,20,1,19
1/19/2015 20:00,13,3,10
1/19/2015 21:00,8,1,7
1/19/2015 22:00,1,0,1
1/19/2015 23:00,0,0,0
1/20/2015 0:00,3,1,2
1/20/2015 1:00,8,2,6
1/20/2015 2:00,0,0,0
1/20/2015 3:00,0,0,0
1/20/2015 4:00,0,0,0
1/20/2015 5:00,6,4,2
1/20/2015 6:00,18,13,5
1/20/2015 7:00,42,32,10
1/20/2015 8:00,35,13,22
1/20/2015 9:00,32,13,19
1/20/2015 10:00,32,11,21
1/20/2015 11:00,38,8,30
1/20/2015 12:00,58,4,54
1/20/2015 13:00,43,2,41
1/20/2015 14:00,45,7,38
1/20/2015 15:00,40,7,33
1/20/2015 16:00,44,7,37
1/20/2015 17:00,40,4,36
1/20/2015 18:00,45,3,42
1/20/2015 19:00,15,2,13
1/20/2015 20:00,22,5,17
1/20/2015 21:00,4,1,3
1/20/2015 22:00,5,1,4
1/20/2015 23:00,2,0,2
1/21/2015 0:00,4,0,4
1/21/2015 1:00,2,0,2
1/21/2015 2:00,5,1,4
1/21/2015 3:00,0,0,0
1/21/2015 4:00,2,2,0
1/21/2015 5:00,6,2,4
1/21/2015 6:00,10,8,2
1/21/2015 7:00,42,21,21
1/21/2015 8:00,34,20,14
1/21/2015 9:00,36,5,31
1/21/2015 10:00,26,4,22
1/21/2015 11:00,24,4,20
1/21/2015 12:00,29,4,25
1/21/2015 13:00,34,8,26
1/21/2015 14:00,38,6,32
1/21/2015 15:00,55,9,46
1/21/2015 16:00,47,6,41
1/21/2015 17:00,52,8,44
1/21/2015 18:00,81,40,41
1/21/2015 19:00,13,2,11
1/21/2015 20:00,18,4,14
1/21/2015 21:00,6,0,6
1/21/2015 22:00,8,0,8
1/21/2015 23:00,2,0,2
1/22/2015 0:00,0,0,0
1/22/2015 1:00,6,1,5
1/22/2015 2:00,0,0,0
1/22/2015 3:00,0,0,0
1/22/2015 4:00,1,1,0
1/22/2015 5:00,4,2,2
1/22/2015 6:00,18,13,5
1/22/2015 7:00,34,20,14
1/22/2015 8:00,45,26,19
1/22/2015 9:00,32,13,19
1/22/2015 10:00,18,4,14
1/22/2015 11:00,18,2,16
1/22/2015 12:00,44,11,33
1/22/2015 13:00,48,14,34
1/22/2015 14:00,40,6,34
1/22/2015 15:00,37,12,25
1/22/2015 16:00,60,11,49
1/22/2015 17:00,52,7,45
1/22/2015 18:00,45,8,37
1/22/2015 19:00,19,1,18
1/22/2015 20:00,19,4,15
1/22/2015 21:00,12,4,8
1/22/2015 22:00,6,2,4
1/22/2015 23:00,7,0,7
1/23/2015 0:00,1,0,1
1/23/2015 1:00,3,0,3
1/23/2015 2:00,0,0,0
1/23/2015 3:00,4,0,4
1/23/2015 4:00,5,3,2
1/23/2015 5:00,4,2,2
1/23/2015 6:00,7,5,2
1/23/2015 7:00,24,12,12
1/23/2015 8:00,18,11,7
1/23/2015 9:00,33,9,24
1/23/2015 10:00,27,10,17
1/23/2015 11:00,15,4,11
1/23/2015 12:00,32,6,26
1/23/2015 13:00,15,6,9
1/23/2015 14:00,53,11,42
1/23/2015 15:00,57,14,43
1/23/2015 16:00,46,8,38
1/23/2015 17:00,43,10,33
1/23/2015 18:00,32,7,25
1/23/2015 19:00,37,4,33
1/23/2015 20:00,17,1,16
1/23/2015 21:00,29,5,24
1/23/2015 22:00,15,1,14
1/23/2015 23:00,13,0,13
1/24/2015 0:00,13,2,11
1/24/2015 1:00,7,1,6
1/24/2015 2:00,2,2,0
1/24/2015 3:00,0,0,0
1/24/2015 4:00,3,0,3
1/24/2015 5:00,2,0,2
1/24/2015 6:00,4,2,2
1/24/2015 7:00,4,0,4
1/24/2015 8:00,11,1,10
1/24/2015 9:00,21,3,18
1/24/2015 10:00,21,3,18
1/24/2015 11:00,37,10,27
1/24/2015 12:00,53,6,47
1/24/2015 13:00,48,13,35
1/24/2015 14:00,60,8,52
1/24/2015 15:00,67,14,53
1/24/2015 16:00,38,3,35
1/24/2015 17:00,49,11,38
1/24/2015 18:00,18,6,12
1/24/2015 19:00,14,4,10
1/24/2015 20:00,12,0,12
1/24/2015 21:00,18,1,17
1/24/2015 22:00,10,1,9
1/24/2015 23:00,5,2,3
1/25/2015 0:00,15,1,14
1/25/2015 1:00,6,0,6
1/25/2015 2:00,5,0,5
1/25/2015 3:00,0,0,0
1/25/2015 4:00,2,0,2
1/25/2015 5:00,2,2,0
1/25/2015 6:00,3,1,2
1/25/2015 7:00,7,1,6
1/25/2015 8:00,10,4,6
1/25/2015 9:00,34,10,24
1/25/2015 10:00,20,6,14
1/25/2015 11:00,42,6,36
1/25/2015 12:00,57,11,46
1/25/2015 13:00,118,21,97
1/25/2015 14:00,109,24,85
1/25/2015 15:00,133,37,96
1/25/2015 16:00,46,9,37
1/25/2015 17:00,47,5,42
1/25/2015 18:00,21,2,19
1/25/2015 19:00,16,1,15
1/25/2015 20:00,15,1,14
1/25/2015 21:00,10,2,8
1/25/2015 22:00,10,0,10
1/25/2015 23:00,6,3,3
1/26/2015 0:00,7,3,4
1/26/2015 1:00,1,0,1
1/26/2015 2:00,0,0,0
1/26/2015 3:00,0,0,0
1/26/2015 4:00,0,0,0
1/26/2015 5:00,4,1,3
1/26/2015 6:00,9,6,3
1/26/2015 7:00,33,18,15
1/26/2015 8:00,39,14,25
1/26/2015 9:00,27,8,19
1/26/2015 10:00,37,12,25
1/26/2015 11:00,57,5,52
1/26/2015 12:00,45,10,35
1/26/2015 13:00,30,7,23
1/26/2015 14:00,54,11,43
1/26/2015 15:00,56,15,41
1/26/2015 16:00,80,12,68
1/26/2015 17:00,81,11,70
1/26/2015 18:00,68,5,63
1/26/2015 19:00,45,11,34
1/26/2015 20:00,26,2,24
1/26/2015 21:00,19,4,15
1/26/2015 22:00,9,5,4
1/26/2015 23:00,3,0,3
1/27/2015 0:00,1,1,0
1/27/2015 1:00,0,0,0
1/27/2015 2:00,0,0,0
1/27/2015 3:00,0,0,0
1/27/2015 4:00,0,0,0
1/27/2015 5:00,4,4,0
1/27/2015 6:00,16,9,7
1/27/2015 7:00,52,20,32
1/27/2015 8:00,68,34,34
1/27/2015 9:00,28,12,16
1/27/2015 10:00,21,6,15
1/27/2015 11:00,35,8,27
1/27/2015 12:00,35,11,24
1/27/2015 13:00,24,5,19
1/27/2015 14:00,48,4,44
1/27/2015 15:00,45,7,38
1/27/2015 16:00,75,5,70
1/27/2015 17:00,65,7,58
1/27/2015 18:00,39,10,29
1/27/2015 19:00,25,3,22
1/27/2015 20:00,19,4,15
1/27/2015 21:00,12,0,12
1/27/2015 22:00,1,1,0
1/27/2015 23:00,0,0,0
1/28/2015 0:00,0,0,0
1/28/2015 1:00,0,0,0
1/28/2015 2:00,0,0,0
1/28/2015 3:00,0,0,0
1/28/2015 4:00,0,0,0
1/28/2015 5:00,2,0,2
1/28/2015 6:00,6,0,6
1/28/2015 7:00,23,13,10
1/28/2015 8:00,11,3,8
1/28/2015 9:00,14,4,10
1/28/2015 10:00,12,1,11
1/28/2015 11:00,15,6,9
1/28/2015 12:00,23,1,22
1/28/2015 13:00,21,0,21
1/28/2015 14:00,28,4,24
1/28/2015 15:00,33,0,33
1/28/2015 16:00,35,7,28
1/28/2015 17:00,45,1,44
1/28/2015 18:00,25,3,22
1/28/2015 19:00,9,1,8
1/28/2015 20:00,13,0,13
1/28/2015 21:00,7,0,7
1/28/2015 22:00,6,0,6
1/28/2015 23:00,1,1,0
1/29/2015 0:00,2,0,2
1/29/2015 1:00,2,0,2
1/29/2015 2:00,0,0,0
1/29/2015 3:00,0,0,0
1/29/2015 4:00,0,0,0
1/29/2015 5:00,1,0,1
1/29/2015 6:00,5,2,3
1/29/2015 7:00,11,4,7
1/29/2015 8:00,19,7,12
1/29/2015 9:00,10,3,7
1/29/2015 10:00,12,2,10
1/29/2015 11:00,11,3,8
1/29/2015 12:00,28,5,23
1/29/2015 13:00,24,1,23
1/29/2015 14:00,41,1,40
1/29/2015 15:00,30,2,28
1/29/2015 16:00,46,2,44
1/29/2015 17:00,48,2,46
1/29/2015 18:00,20,5,15
1/29/2015 19:00,21,2,19
1/29/2015 20:00,4,0,4
1/29/2015 21:00,12,3,9
1/29/2015 22:00,7,2,5
1/29/2015 23:00,0,0,0
1/30/2015 0:00,4,0,4
1/30/2015 1:00,2,0,2
1/30/2015 2:00,0,0,0
1/30/2015 3:00,0,0,0
1/30/2015 4:00,0,0,0
1/30/2015 5:00,4,0,4
1/30/2015 6:00,3,1,2
1/30/2015 7:00,15,7,8
1/30/2015 8:00,7,0,7
1/30/2015 9:00,36,5,31
1/30/2015 10:00,18,5,13
1/30/2015 11:00,0,0,0
1/30/2015 12:00,0,0,0
1/30/2015 13:00,0,0,0
1/30/2015 14:00,0,0,0
1/30/2015 15:00,0,0,0
1/30/2015 16:00,0,0,0
1/30/2015 17:00,0,0,0
1/30/2015 18:00,0,0,0
1/30/2015 19:00,0,0,0
1/30/2015 20:00,0,0,0
1/30/2015 21:00,0,0,0
1/30/2015 22:00,0,0,0
1/30/2015 23:00,0,0,0
1/31/2015 0:00,0,0,0
1/31/2015 1:00,0,0,0
1/31/2015 2:00,0,0,0
1/31/2015 3:00,0,0,0
1/31/2015 4:00,0,0,0
1/31/2015 5:00,0,0,0
1/31/2015 6:00,0,0,0
1/31/2015 7:00,0,0,0
1/31/2015 8:00,0,0,0
1/31/2015 9:00,0,0,0
1/31/2015 10:00,0,0,0
1/31/2015 11:00,0,0,0
1/31/2015 12:00,0,0,0
1/31/2015 13:00,0,0,0
1/31/2015 14:00,0,0,0
1/31/2015 15:00,0,0,0
1/31/2015 16:00,0,0,0
1/31/2015 17:00,0,0,0
1/31/2015 18:00,0,0,0
1/31/2015 19:00,0,0,0
1/31/2015 20:00,0,0,0
1/31/2015 21:00,0,0,0
1/31/2015 22:00,0,0,0
1/31/2015 23:00,0,0,0
2/1/2015 0:00,0,0,0
2/1/2015 1:00,0,0,0
2/1/2015 2:00,0,0,0
2/1/2015 3:00,0,0,0
2/1/2015 4:00,0,0,0
2/1/2015 5:00,0,0,0
2/1/2015 6:00,0,0,0
2/1/2015 7:00,0,0,0
2/1/2015 8:00,0,0,0
2/1/2015 9:00,0,0,0
2/1/2015 10:00,0,0,0
2/1/2015 11:00,0,0,0
2/1/2015 12:00,0,0,0
2/1/2015 13:00,0,0,0
2/1/2015 14:00,0,0,0
2/1/2015 15:00,0,0,0
2/1/2015 16:00,0,0,0
2/1/2015 17:00,0,0,0
2/1/2015 18:00,0,0,0
2/1/2015 19:00,0,0,0
2/1/2015 20:00,0,0,0
2/1/2015 21:00,0,0,0
2/1/2015 22:00,0,0,0
2/1/2015 23:00,0,0,0
2/2/2015 0:00,0,0,0
2/2/2015 1:00,0,0,0
2/2/2015 2:00,0,0,0
2/2/2015 3:00,0,0,0
2/2/2015 4:00,0,0,0
2/2/2015 5:00,0,0,0
2/2/2015 6:00,0,0,0
2/2/2015 7:00,0,0,0
2/2/2015 8:00,0,0,0
2/2/2015 9:00,0,0,0
2/2/2015 10:00,0,0,0
2/2/2015 11:00,0,0,0
2/2/2015 12:00,0,0,0
2/2/2015 13:00,0,0,0
2/2/2015 14:00,0,0,0
2/2/2015 15:00,0,0,0
2/2/2015 16:00,0,0,0
2/2/2015 17:00,0,0,0
2/2/2015 18:00,0,0,0
2/2/2015 19:00,0,0,0
2/2/2015 20:00,0,0,0
2/2/2015 21:00,0,0,0
2/2/2015 22:00,0,0,0
2/2/2015 23:00,0,0,0
2/3/2015 0:00,0,0,0
2/3/2015 1:00,0,0,0
2/3/2015 2:00,0,0,0
2/3/2015 3:00,0,0,0
2/3/2015 4:00,0,0,0
2/3/2015 5:00,0,0,0
2/3/2015 6:00,0,0,0
2/3/2015 7:00,0,0,0
2/3/2015 8:00,0,0,0
2/3/2015 9:00,0,0,0
2/3/2015 10:00,31,8,23
2/3/2015 11:00,31,6,25
2/3/2015 12:00,46,10,36
2/3/2015 13:00,45,3,42
2/3/2015 14:00,68,8,60
2/3/2015 15:00,59,7,52
2/3/2015 16:00,41,7,34
2/3/2015 17:00,46,5,41
2/3/2015 18:00,41,11,30
2/3/2015 19:00,20,4,16
2/3/2015 20:00,32,5,27
2/3/2015 21:00,8,2,6
2/3/2015 22:00,7,1,6
2/3/2015 23:00,8,0,8
2/4/2015 0:00,2,1,1
2/4/2015 1:00,0,0,0
2/4/2015 2:00,0,0,0
2/4/2015 3:00,0,0,0
2/4/2015 4:00,1,1,0
2/4/2015 5:00,4,1,3
2/4/2015 6:00,15,13,2
2/4/2015 7:00,46,22,24
2/4/2015 8:00,33,15,18
2/4/2015 9:00,27,6,21
2/4/2015 10:00,27,6,21
2/4/2015 11:00,28,6,22
2/4/2015 12:00,33,10,23
2/4/2015 13:00,34,7,27
2/4/2015 14:00,47,11,36
2/4/2015 15:00,42,8,34
2/4/2015 16:00,55,8,47
2/4/2015 17:00,73,9,64
2/4/2015 18:00,38,3,35
2/4/2015 19:00,16,2,14
2/4/2015 20:00,17,4,13
2/4/2015 21:00,5,1,4
2/4/2015 22:00,10,2,8
2/4/2015 23:00,2,2,0
2/5/2015 0:00,6,1,5
2/5/2015 1:00,0,0,0
2/5/2015 2:00,1,0,1
2/5/2015 3:00,2,2,0
2/5/2015 4:00,1,1,0
2/5/2015 5:00,0,0,0
2/5/2015 6:00,12,10,2
2/5/2015 7:00,37,18,19
2/5/2015 8:00,26,11,15
2/5/2015 9:00,26,10,16
2/5/2015 10:00,24,9,15
2/5/2015 11:00,32,7,25
2/5/2015 12:00,23,9,14
2/5/2015 13:00,48,2,46
2/5/2015 14:00,54,9,45
2/5/2015 15:00,50,9,41
2/5/2015 16:00,39,8,31
2/5/2015 17:00,54,16,38
2/5/2015 18:00,41,8,33
2/5/2015 19:00,48,1,47
2/5/2015 20:00,38,0,38
2/5/2015 21:00,9,1,8
2/5/2015 22:00,12,0,12
2/5/2015 23:00,7,1,6
2/6/2015 0:00,0,0,0
2/6/2015 1:00,0,0,0
2/6/2015 2:00,1,1,0
2/6/2015 3:00,0,0,0
2/6/2015 4:00,1,1,0
2/6/2015 5:00,1,1,0
2/6/2015 6:00,11,9,2
2/6/2015 7:00,27,19,8
2/6/2015 8:00,26,7,19
2/6/2015 9:00,20,12,8
2/6/2015 10:00,29,9,20
2/6/2015 11:00,20,5,15
2/6/2015 12:00,29,3,26
2/6/2015 13:00,37,3,34
2/6/2015 14:00,42,1,41
2/6/2015 15:00,44,5,39
2/6/2015 16:00,71,7,64
2/6/2015 17:00,59,8,51
2/6/2015 18:00,37,9,28
2/6/2015 19:00,29,6,23
2/6/2015 20:00,19,1,18
2/6/2015 21:00,10,2,8
2/6/2015 22:00,10,2,8
2/6/2015 23:00,14,6,8
2/7/2015 0:00,8,2,6
2/7/2015 1:00,2,1,1
2/7/2015 2:00,2,0,2
2/7/2015 3:00,0,0,0
2/7/2015 4:00,4,0,4
2/7/2015 5:00,4,0,4
2/7/2015 6:00,7,3,4
2/7/2015 7:00,6,2,4
2/7/2015 8:00,11,3,8
2/7/2015 9:00,17,7,10
2/7/2015 10:00,15,3,12
2/7/2015 11:00,42,8,34
2/7/2015 12:00,34,4,30
2/7/2015 13:00,30,9,21
2/7/2015 14:00,39,8,31
2/7/2015 15:00,40,7,33
2/7/2015 16:00,25,5,20
2/7/2015 17:00,49,5,44
2/7/2015 18:00,29,2,27
2/7/2015 19:00,6,4,2
2/7/2015 20:00,9,1,8
2/7/2015 21:00,18,0,18
2/7/2015 22:00,5,1,4
2/7/2015 23:00,6,0,6
2/8/2015 0:00,3,1,2
2/8/2015 1:00,3,3,0
2/8/2015 2:00,3,1,2
2/8/2015 3:00,0,0,0
2/8/2015 4:00,4,0,4
2/8/2015 5:00,0,0,0
2/8/2015 6:00,0,0,0
2/8/2015 7:00,2,0,2
2/8/2015 8:00,8,4,4
2/8/2015 9:00,18,6,12
2/8/2015 10:00,33,4,29
2/8/2015 11:00,33,10,23
2/8/2015 12:00,34,7,27
2/8/2015 13:00,41,5,36
2/8/2015 14:00,37,8,29
2/8/2015 15:00,43,7,36
2/8/2015 16:00,28,6,22
2/8/2015 17:00,28,4,24
2/8/2015 18:00,29,4,25
2/8/2015 19:00,30,2,28
2/8/2015 20:00,19,1,18
2/8/2015 21:00,15,2,13
2/8/2015 22:00,4,0,4
2/8/2015 23:00,5,2,3
2/9/2015 0:00,0,0,0
2/9/2015 1:00,2,0,2
2/9/2015 2:00,0,0,0
2/9/2015 3:00,0,0,0
2/9/2015 4:00,1,1,0
2/9/2015 5:00,12,4,8
2/9/2015 6:00,14,10,4
2/9/2015 7:00,29,14,15
2/9/2015 8:00,31,14,17
2/9/2015 9:00,22,12,10
2/9/2015 10:00,0,0,0
2/9/2015 11:00,0,0,0
2/9/2015 12:00,23,6,17
2/9/2015 13:00,29,9,20
2/9/2015 14:00,45,9,36
2/9/2015 15:00,47,13,34
2/9/2015 16:00,57,13,44
2/9/2015 17:00,77,13,64
2/9/2015 18:00,33,7,26
2/9/2015 19:00,35,5,30
2/9/2015 20:00,19,2,17
2/9/2015 21:00,17,2,15
2/9/2015 22:00,11,1,10
2/9/2015 23:00,5,1,4
2/10/2015 0:00,0,0,0
2/10/2015 1:00,0,0,0
2/10/2015 2:00,0,0,0
2/10/2015 3:00,2,0,2
2/10/2015 4:00,0,0,0
2/10/2015 5:00,5,1,4
2/10/2015 6:00,19,11,8
2/10/2015 7:00,45,25,20
2/10/2015 8:00,23,15,8
2/10/2015 9:00,26,14,12
2/10/2015 10:00,37,9,28
2/10/2015 11:00,28,4,24
2/10/2015 12:00,41,6,35
2/10/2015 13:00,33,4,29
2/10/2015 14:00,43,7,36
2/10/2015 15:00,64,10,54
2/10/2015 16:00,61,2,59
2/10/2015 17:00,125,7,118
2/10/2015 18:00,71,8,63
2/10/2015 19:00,48,4,44
2/10/2015 20:00,47,5,42
2/10/2015 21:00,15,1,14
2/10/2015 22:00,8,2,6
2/10/2015 23:00,3,1,2
2/11/2015 0:00,0,0,0
2/11/2015 1:00,2,0,2
2/11/2015 2:00,2,0,2
2/11/2015 3:00,2,0,2
2/11/2015 4:00,2,2,0
2/11/2015 5:00,3,1,2
2/11/2015 6:00,10,6,4
2/11/2015 7:00,57,19,38
2/11/2015 8:00,41,15,26
2/11/2015 9:00,38,7,31
2/11/2015 10:00,32,8,24
2/11/2015 11:00,28,5,23
2/11/2015 12:00,44,10,34
2/11/2015 13:00,39,7,32
2/11/2015 14:00,47,7,40
2/11/2015 15:00,74,14,60
2/11/2015 16:00,87,15,72
2/11/2015 17:00,154,15,139
2/11/2015 18:00,112,9,103
2/11/2015 19:00,62,2,60
2/11/2015 20:00,29,2,27
2/11/2015 21:00,31,1,30
2/11/2015 22:00,19,4,15
2/11/2015 23:00,7,1,6
2/12/2015 0:00,3,1,2
2/12/2015 1:00,0,0,0
2/12/2015 2:00,0,0,0
2/12/2015 3:00,2,0,2
2/12/2015 4:00,5,3,2
2/12/2015 5:00,8,4,4
2/12/2015 6:00,13,6,7
2/12/2015 7:00,35,12,23
2/12/2015 8:00,34,14,20
2/12/2015 9:00,54,18,36
2/12/2015 10:00,30,10,20
2/12/2015 11:00,25,4,21
2/12/2015 12:00,33,5,28
2/12/2015 13:00,30,9,21
2/12/2015 14:00,34,9,25
2/12/2015 15:00,51,20,31
2/12/2015 16:00,45,8,37
2/12/2015 17:00,63,7,56
2/12/2015 18:00,48,13,35
2/12/2015 19:00,35,5,30
2/12/2015 20:00,36,0,36
2/12/2015 21:00,14,0,14
2/12/2015 22:00,13,1,12
2/12/2015 23:00,3,0,3
2/13/2015 0:00,1,0,1
2/13/2015 1:00,2,0,2
2/13/2015 2:00,0,0,0
2/13/2015 3:00,0,0,0
2/13/2015 4:00,2,0,2
2/13/2015 5:00,2,0,2
2/13/2015 6:00,18,13,5
2/13/2015 7:00,21,12,9
2/13/2015 8:00,38,18,20
2/13/2015 9:00,48,16,32
2/13/2015 10:00,36,7,29
2/13/2015 11:00,6,1,5
2/13/2015 12:00,0,0,0
2/13/2015 13:00,3,1,2
2/13/2015 14:00,2,1,1
2/13/2015 15:00,11,6,5
2/13/2015 16:00,8,1,7
2/13/2015 17:00,13,2,11
2/13/2015 18:00,0,0,0
2/13/2015 19:00,2,1,1
2/13/2015 20:00,0,0,0
2/13/2015 21:00,1,1,0
2/13/2015 22:00,1,0,1
2/13/2015 23:00,1,0,1
2/14/2015 0:00,0,0,0
2/14/2015 1:00,0,0,0
2/14/2015 2:00,0,0,0
2/14/2015 3:00,0,0,0
2/14/2015 4:00,0,0,0
2/14/2015 5:00,0,0,0
2/14/2015 6:00,1,1,0
2/14/2015 7:00,0,0,0
2/14/2015 8:00,0,0,0
2/14/2015 9:00,4,3,1
2/14/2015 10:00,2,1,1
2/14/2015 11:00,3,2,1
2/14/2015 12:00,3,1,2
2/14/2015 13:00,4,1,3
2/14/2015 14:00,3,2,1
2/14/2015 15:00,8,6,2
2/14/2015 16:00,6,2,4
2/14/2015 17:00,6,0,6
2/14/2015 18:00,1,0,1
2/14/2015 19:00,0,0,0
2/14/2015 20:00,0,0,0
2/14/2015 21:00,1,0,1
2/14/2015 22:00,0,0,0
2/14/2015 23:00,0,0,0
2/15/2015 0:00,1,1,0
2/15/2015 1:00,0,0,0
2/15/2015 2:00,0,0,0
2/15/2015 3:00,0,0,0
2/15/2015 4:00,0,0,0
2/15/2015 5:00,0,0,0
2/15/2015 6:00,0,0,0
2/15/2015 7:00,0,0,0
2/15/2015 8:00,1,1,0
2/15/2015 9:00,6,5,1
2/15/2015 10:00,6,2,4
2/15/2015 11:00,9,5,4
2/15/2015 12:00,13,7,6
2/15/2015 13:00,12,6,6
2/15/2015 14:00,8,7,1
2/15/2015 15:00,8,0,8
2/15/2015 16:00,2,0,2
2/15/2015 17:00,2,1,1
2/15/2015 18:00,1,0,1
2/15/2015 19:00,0,0,0
2/15/2015 20:00,0,0,0
2/15/2015 21:00,0,0,0
2/15/2015 22:00,0,0,0
2/15/2015 23:00,1,1,0
2/16/2015 0:00,0,0,0
2/16/2015 1:00,0,0,0
2/16/2015 2:00,0,0,0
2/16/2015 3:00,0,0,0
2/16/2015 4:00,1,1,0
2/16/2015 5:00,0,0,0
2/16/2015 6:00,2,2,0
2/16/2015 7:00,5,5,0
2/16/2015 8:00,2,2,0
2/16/2015 9:00,2,1,1
2/16/2015 10:00,2,0,2
2/16/2015 11:00,3,2,1
2/16/2015 12:00,3,1,2
2/16/2015 13:00,10,7,3
2/16/2015 14:00,7,3,4
2/16/2015 15:00,10,6,4
2/16/2015 16:00,7,1,6
2/16/2015 17:00,10,1,9
2/16/2015 18:00,5,0,5
2/16/2015 19:00,0,0,0
2/16/2015 20:00,0,0,0
2/16/2015 21:00,1,0,1
2/16/2015 22:00,2,0,2
2/16/2015 23:00,0,0,0
2/17/2015 0:00,0,0,0
2/17/2015 1:00,0,0,0
2/17/2015 2:00,0,0,0
2/17/2015 3:00,0,0,0
2/17/2015 4:00,0,0,0
2/17/2015 5:00,0,0,0
2/17/2015 6:00,10,9,1
2/17/2015 7:00,11,11,0
2/17/2015 8:00,4,4,0
2/17/2015 9:00,3,3,0
2/17/2015 10:00,1,1,0
2/17/2015 11:00,2,0,2
2/17/2015 12:00,1,1,0
2/17/2015 13:00,6,4,2
2/17/2015 14:00,4,0,4
2/17/2015 15:00,6,1,5
2/17/2015 16:00,9,2,7
2/17/2015 17:00,12,2,10
2/17/2015 18:00,7,1,6
2/17/2015 19:00,2,0,2
2/17/2015 20:00,4,0,4
2/17/2015 21:00,1,0,1
2/17/2015 22:00,0,0,0
2/17/2015 23:00,0,0,0
2/18/2015 0:00,0,0,0
2/18/2015 1:00,0,0,0
2/18/2015 2:00,0,0,0
2/18/2015 3:00,0,0,0
2/18/2015 4:00,0,0,0
2/18/2015 5:00,0,0,0
2/18/2015 6:00,8,8,0
2/18/2015 7:00,12,12,0
2/18/2015 8:00,6,5,1
2/18/2015 9:00,3,3,0
2/18/2015 10:00,1,0,1
2/18/2015 11:00,0,0,0
2/18/2015 12:00,0,0,0
2/18/2015 13:00,3,1,2
2/18/2015 14:00,0,0,0
2/18/2015 15:00,3,0,3
2/18/2015 16:00,7,2,5
2/18/2015 17:00,15,3,12
2/18/2015 18:00,10,2,8
2/18/2015 19:00,3,1,2
2/18/2015 20:00,1,0,1
2/18/2015 21:00,2,0,2
2/18/2015 22:00,0,0,0
2/18/2015 23:00,0,0,0
2/19/2015 0:00,0,0,0
2/19/2015 1:00,0,0,0
2/19/2015 2:00,0,0,0
2/19/2015 3:00,0,0,0
2/19/2015 4:00,0,0,0
2/19/2015 5:00,0,0,0
2/19/2015 6:00,8,8,0
2/19/2015 7:00,8,8,0
2/19/2015 8:00,6,6,0
2/19/2015 9:00,0,0,0
2/19/2015 10:00,5,4,1
2/19/2015 11:00,2,0,2
2/19/2015 12:00,3,2,1
2/19/2015 13:00,2,1,1
2/19/2015 14:00,0,0,0
2/19/2015 15:00,2,0,2
2/19/2015 16:00,5,0,5
2/19/2015 17:00,8,0,8
2/19/2015 18:00,7,1,6
2/19/2015 19:00,1,0,1
2/19/2015 20:00,1,0,1
2/19/2015 21:00,0,0,0
2/19/2015 22:00,0,0,0
2/19/2015 23:00,0,0,0
2/20/2015 0:00,1,0,1
2/20/2015 1:00,0,0,0
2/20/2015 2:00,0,0,0
2/20/2015 3:00,0,0,0
2/20/2015 4:00,0,0,0
2/20/2015 5:00,1,1,0
2/20/2015 6:00,8,7,1
2/20/2015 7:00,8,8,0
2/20/2015 8:00,4,4,0
2/20/2015 9:00,2,2,0
2/20/2015 10:00,2,2,0
2/20/2015 11:00,2,2,0
2/20/2015 12:00,1,1,0
2/20/2015 13:00,3,2,1
2/20/2015 14:00,2,1,1
2/20/2015 15:00,2,0,2
2/20/2015 16:00,7,0,7
2/20/2015 17:00,3,0,3
2/20/2015 18:00,6,0,6
2/20/2015 19:00,1,0,1
2/20/2015 20:00,2,0,2
2/20/2015 21:00,0,0,0
2/20/2015 22:00,0,0,0
2/20/2015 23:00,1,1,0
2/21/2015 0:00,0,0,0
2/21/2015 1:00,0,0,0
2/21/2015 2:00,0,0,0
2/21/2015 3:00,0,0,0
2/21/2015 4:00,0,0,0
2/21/2015 5:00,1,1,0
2/21/2015 6:00,3,3,0
2/21/2015 7:00,0,0,0
2/21/2015 8:00,2,2,0
2/21/2015 9:00,0,0,0
2/21/2015 10:00,1,1,0
2/21/2015 11:00,3,2,1
2/21/2015 12:00,4,1,3
2/21/2015 13:00,2,1,1
2/21/2015 14:00,3,1,2
2/21/2015 15:00,4,3,1
2/21/2015 16:00,4,3,1
2/21/2015 17:00,7,1,6
2/21/2015 18:00,1,0,1
2/21/2015 19:00,1,1,0
2/21/2015 20:00,1,0,1
2/21/2015 21:00,1,0,1
2/21/2015 22:00,0,0,0
2/21/2015 23:00,1,0,1
2/22/2015 0:00,0,0,0
2/22/2015 1:00,0,0,0
2/22/2015 2:00,0,0,0
2/22/2015 3:00,0,0,0
2/22/2015 4:00,0,0,0
2/22/2015 5:00,0,0,0
2/22/2015 6:00,0,0,0
2/22/2015 7:00,0,0,0
2/22/2015 8:00,2,2,0
2/22/2015 9:00,4,4,0
2/22/2015 10:00,4,2,2
2/22/2015 11:00,2,0,2
2/22/2015 12:00,7,6,1
2/22/2015 13:00,9,2,7
2/22/2015 14:00,8,1,7
2/22/2015 15:00,9,3,6
2/22/2015 16:00,15,3,12
2/22/2015 17:00,3,0,3
2/22/2015 18:00,6,1,5
2/22/2015 19:00,0,0,0
2/22/2015 20:00,0,0,0
2/22/2015 21:00,0,0,0
2/22/2015 22:00,0,0,0
2/22/2015 23:00,0,0,0
2/23/2015 0:00,0,0,0
2/23/2015 1:00,0,0,0
2/23/2015 2:00,0,0,0
2/23/2015 3:00,0,0,0
2/23/2015 4:00,0,0,0
2/23/2015 5:00,0,0,0
2/23/2015 6:00,4,4,0
2/23/2015 7:00,12,12,0
2/23/2015 8:00,3,3,0
2/23/2015 9:00,1,1,0
2/23/2015 10:00,3,3,0
2/23/2015 11:00,0,0,0
2/23/2015 12:00,2,1,1
2/23/2015 13:00,1,1,0
2/23/2015 14:00,2,0,2
2/23/2015 15:00,9,4,5
2/23/2015 16:00,6,2,4
2/23/2015 17:00,10,3,7
2/23/2015 18:00,5,0,5
2/23/2015 19:00,4,0,4
2/23/2015 20:00,2,0,2
2/23/2015 21:00,0,0,0
2/23/2015 22:00,1,1,0
2/23/2015 23:00,0,0,0
2/24/2015 0:00,0,0,0
2/24/2015 1:00,0,0,0
2/24/2015 2:00,0,0,0
2/24/2015 3:00,0,0,0
2/24/2015 4:00,1,1,0
2/24/2015 5:00,0,0,0
2/24/2015 6:00,11,11,0
2/24/2015 7:00,12,11,1
2/24/2015 8:00,5,5,0
2/24/2015 9:00,4,2,2
2/24/2015 10:00,0,0,0
2/24/2015 11:00,0,0,0
2/24/2015 12:00,0,0,0
2/24/2015 13:00,2,1,1
2/24/2015 14:00,4,1,3
2/24/2015 15:00,4,2,2
2/24/2015 16:00,8,1,7
2/24/2015 17:00,11,1,10
2/24/2015 18:00,5,2,3
2/24/2015 19:00,1,0,1
2/24/2015 20:00,5,2,3
2/24/2015 21:00,1,0,1
2/24/2015 22:00,0,0,0
2/24/2015 23:00,0,0,0
2/25/2015 0:00,0,0,0
2/25/2015 1:00,0,0,0
2/25/2015 2:00,0,0,0
2/25/2015 3:00,0,0,0
2/25/2015 4:00,0,0,0
2/25/2015 5:00,1,0,1
2/25/2015 6:00,7,7,0
2/25/2015 7:00,9,8,1
2/25/2015 8:00,4,4,0
2/25/2015 9:00,1,1,0
2/25/2015 10:00,3,3,0
2/25/2015 11:00,1,1,0
2/25/2015 12:00,2,0,2
2/25/2015 13:00,0,0,0
2/25/2015 14:00,1,1,0
2/25/2015 15:00,5,2,3
2/25/2015 16:00,9,0,9
2/25/2015 17:00,4,0,4
2/25/2015 18:00,8,1,7
2/25/2015 19:00,6,1,5
2/25/2015 20:00,0,0,0
2/25/2015 21:00,1,0,1
2/25/2015 22:00,0,0,0
2/25/2015 23:00,0,0,0
2/26/2015 0:00,0,0,0
2/26/2015 1:00,0,0,0
2/26/2015 2:00,0,0,0
2/26/2015 3:00,0,0,0
2/26/2015 4:00,0,0,0
2/26/2015 5:00,1,1,0
2/26/2015 6:00,8,8,0
2/26/2015 7:00,6,6,0
2/26/2015 8:00,3,3,0
2/26/2015 9:00,2,2,0
2/26/2015 10:00,0,0,0
2/26/2015 11:00,0,0,0
2/26/2015 12:00,1,1,0
2/26/2015 13:00,2,1,1
2/26/2015 14:00,2,1,1
2/26/2015 15:00,3,0,3
2/26/2015 16:00,6,0,6
2/26/2015 17:00,7,3,4
2/26/2015 18:00,6,0,6
2/26/2015 19:00,4,0,4
2/26/2015 20:00,1,0,1
2/26/2015 21:00,1,0,1
2/26/2015 22:00,0,0,0
2/26/2015 23:00,0,0,0
2/27/2015 0:00,0,0,0
2/27/2015 1:00,0,0,0
2/27/2015 2:00,0,0,0
2/27/2015 3:00,0,0,0
2/27/2015 4:00,0,0,0
2/27/2015 5:00,1,1,0
2/27/2015 6:00,6,6,0
2/27/2015 7:00,4,4,0
2/27/2015 8:00,6,5,1
2/27/2015 9:00,4,1,3
2/27/2015 10:00,2,2,0
2/27/2015 11:00,0,0,0
2/27/2015 12:00,0,0,0
2/27/2015 13:00,2,0,2
2/27/2015 14:00,3,2,1
2/27/2015 15:00,4,1,3
2/27/2015 16:00,7,2,5
2/27/2015 17:00,6,0,6
2/27/2015 18:00,5,2,3
2/27/2015 19:00,6,0,6
2/27/2015 20:00,0,0,0
2/27/2015 21:00,1,0,1
2/27/2015 22:00,2,1,1
2/27/2015 23:00,0,0,0
2/28/2015 0:00,0,0,0
2/28/2015 1:00,0,0,0
2/28/2015 2:00,0,0,0
2/28/2015 3:00,0,0,0
2/28/2015 4:00,0,0,0
2/28/2015 5:00,0,0,0
2/28/2015 6:00,1,1,0
2/28/2015 7:00,0,0,0
2/28/2015 8:00,2,2,0
2/28/2015 9:00,1,0,1
2/28/2015 10:00,1,1,0
2/28/2015 11:00,0,0,0
2/28/2015 12:00,8,4,4
2/28/2015 13:00,7,4,3
2/28/2015 14:00,8,4,4
2/28/2015 15:00,7,2,5
2/28/2015 16:00,9,3,6
2/28/2015 17:00,4,0,4
2/28/2015 18:00,7,4,3
2/28/2015 19:00,0,0,0
2/28/2015 20:00,0,0,0
2/28/2015 21:00,0,0,0
2/28/2015 22:00,2,1,1
2/28/2015 23:00,1,0,1
3/1/2015 0:00,0,0,0
3/1/2015 1:00,0,0,0
3/1/2015 2:00,0,0,0
3/1/2015 3:00,0,0,0
3/1/2015 4:00,0,0,0
3/1/2015 5:00,0,0,0
3/1/2015 6:00,1,1,0
3/1/2015 7:00,0,0,0
3/1/2015 8:00,0,0,0
3/1/2015 9:00,4,1,3
3/1/2015 10:00,4,4,0
3/1/2015 11:00,4,2,2
3/1/2015 12:00,9,1,8
3/1/2015 13:00,2,2,0
3/1/2015 14:00,6,3,3
3/1/2015 15:00,4,1,3
3/1/2015 16:00,6,3,3
3/1/2015 17:00,3,1,2
3/1/2015 18:00,6,0,6
3/1/2015 19:00,4,3,1
3/1/2015 20:00,0,0,0
3/1/2015 21:00,0,0,0
3/1/2015 22:00,2,0,2
3/1/2015 23:00,1,1,0
3/2/2015 0:00,0,0,0
3/2/2015 1:00,0,0,0
3/2/2015 2:00,0,0,0
3/2/2015 3:00,0,0,0
3/2/2015 4:00,0,0,0
3/2/2015 5:00,0,0,0
3/2/2015 6:00,7,6,1
3/2/2015 7:00,11,11,0
3/2/2015 8:00,3,3,0
3/2/2015 9:00,2,2,0
3/2/2015 10:00,2,1,1
3/2/2015 11:00,4,2,2
3/2/2015 12:00,3,2,1
3/2/2015 13:00,0,0,0
3/2/2015 14:00,1,0,1
3/2/2015 15:00,4,2,2
3/2/2015 16:00,6,2,4
3/2/2015 17:00,10,2,8
3/2/2015 18:00,8,1,7
3/2/2015 19:00,3,1,2
3/2/2015 20:00,0,0,0
3/2/2015 21:00,0,0,0
3/2/2015 22:00,0,0,0
3/2/2015 23:00,0,0,0
3/3/2015 0:00,0,0,0
3/3/2015 1:00,0,0,0
3/3/2015 2:00,0,0,0
3/3/2015 3:00,0,0,0
3/3/2015 4:00,1,1,0
3/3/2015 5:00,2,1,1
3/3/2015 6:00,9,9,0
3/3/2015 7:00,8,8,0
3/3/2015 8:00,5,5,0
3/3/2015 9:00,5,3,2
3/3/2015 10:00,4,1,3
3/3/2015 11:00,0,0,0
3/3/2015 12:00,2,1,1
3/3/2015 13:00,2,2,0
3/3/2015 14:00,1,1,0
3/3/2015 15:00,9,4,5
3/3/2015 16:00,6,1,5
3/3/2015 17:00,7,0,7
3/3/2015 18:00,12,1,11
3/3/2015 19:00,4,3,1
3/3/2015 20:00,0,0,0
3/3/2015 21:00,2,0,2
3/3/2015 22:00,0,0,0
3/3/2015 23:00,0,0,0
3/4/2015 0:00,0,0,0
3/4/2015 1:00,0,0,0
3/4/2015 2:00,0,0,0
3/4/2015 3:00,0,0,0
3/4/2015 4:00,0,0,0
3/4/2015 5:00,1,0,1
3/4/2015 6:00,10,10,0
3/4/2015 7:00,10,9,1
3/4/2015 8:00,7,4,3
3/4/2015 9:00,3,3,0
3/4/2015 10:00,2,2,0
3/4/2015 11:00,1,0,1
3/4/2015 12:00,3,3,0
3/4/2015 13:00,2,1,1
3/4/2015 14:00,4,2,2
3/4/2015 15:00,4,0,4
3/4/2015 16:00,9,3,6
3/4/2015 17:00,11,2,9
3/4/2015 18:00,10,1,9
3/4/2015 19:00,3,0,3
3/4/2015 20:00,4,2,2
3/4/2015 21:00,2,0,2
3/4/2015 22:00,1,0,1
3/4/2015 23:00,0,0,0
3/5/2015 0:00,0,0,0
3/5/2015 1:00,0,0,0
3/5/2015 2:00,1,0,1
3/5/2015 3:00,1,1,0
3/5/2015 4:00,0,0,0
3/5/2015 5:00,1,1,0
3/5/2015 6:00,8,7,1
3/5/2015 7:00,7,7,0
3/5/2015 8:00,5,5,0
3/5/2015 9:00,2,2,0
3/5/2015 10:00,2,2,0
3/5/2015 11:00,1,1,0
3/5/2015 12:00,1,1,0
3/5/2015 13:00,1,0,1
3/5/2015 14:00,1,1,0
3/5/2015 15:00,4,2,2
3/5/2015 16:00,6,2,4
3/5/2015 17:00,10,1,9
3/5/2015 18:00,6,2,4
3/5/2015 19:00,4,0,4
3/5/2015 20:00,1,0,1
3/5/2015 21:00,1,0,1
3/5/2015 22:00,0,0,0
3/5/2015 23:00,0,0,0
3/6/2015 0:00,0,0,0
3/6/2015 1:00,0,0,0
3/6/2015 2:00,0,0,0
3/6/2015 3:00,1,0,1
3/6/2015 4:00,0,0,0
3/6/2015 5:00,2,2,0
3/6/2015 6:00,9,8,1
3/6/2015 7:00,4,3,1
3/6/2015 8:00,6,6,0
3/6/2015 9:00,3,1,2
3/6/2015 10:00,2,2,0
3/6/2015 11:00,1,1,0
3/6/2015 12:00,2,1,1
3/6/2015 13:00,3,2,1
3/6/2015 14:00,3,1,2
3/6/2015 15:00,10,4,6
3/6/2015 16:00,9,2,7
3/6/2015 17:00,10,2,8
3/6/2015 18:00,6,2,4
3/6/2015 19:00,0,0,0
3/6/2015 20:00,0,0,0
3/6/2015 21:00,1,1,0
3/6/2015 22:00,0,0,0
3/6/2015 23:00,0,0,0
3/7/2015 0:00,0,0,0
3/7/2015 1:00,0,0,0
3/7/2015 2:00,0,0,0
3/7/2015 3:00,1,1,0
3/7/2015 4:00,0,0,0
3/7/2015 5:00,0,0,0
3/7/2015 6:00,1,1,0
3/7/2015 7:00,0,0,0
3/7/2015 8:00,5,4,1
3/7/2015 9:00,1,1,0
3/7/2015 10:00,5,0,5
3/7/2015 11:00,0,0,0
3/7/2015 12:00,12,5,7
3/7/2015 13:00,8,4,4
3/7/2015 14:00,7,4,3
3/7/2015 15:00,7,2,5
3/7/2015 16:00,5,2,3
3/7/2015 17:00,1,1,0
3/7/2015 18:00,3,0,3
3/7/2015 19:00,0,0,0
3/7/2015 20:00,0,0,0
3/7/2015 21:00,0,0,0
3/7/2015 22:00,0,0,0
3/7/2015 23:00,0,0,0
3/8/2015 0:00,0,0,0
3/8/2015 1:00,0,0,0
3/8/2015 3:00,,,
3/8/2015 3:00,0,0,0
3/8/2015 4:00,0,0,0
3/8/2015 5:00,0,0,0
3/8/2015 6:00,0,0,0
3/8/2015 7:00,0,0,0
3/8/2015 8:00,0,0,0
3/8/2015 9:00,6,6,0
3/8/2015 10:00,0,0,0
3/8/2015 11:00,2,0,2
3/8/2015 12:00,6,4,2
3/8/2015 13:00,17,9,8
3/8/2015 14:00,12,7,5
3/8/2015 15:00,5,2,3
3/8/2015 16:00,9,2,7
3/8/2015 17:00,3,2,1
3/8/2015 18:00,5,2,3
3/8/2015 19:00,4,1,3
3/8/2015 20:00,0,0,0
3/8/2015 21:00,0,0,0
3/8/2015 22:00,0,0,0
3/8/2015 23:00,0,0,0
3/9/2015 0:00,0,0,0
3/9/2015 1:00,0,0,0
3/9/2015 2:00,0,0,0
3/9/2015 3:00,0,0,0
3/9/2015 4:00,0,0,0
3/9/2015 5:00,1,1,0
3/9/2015 6:00,7,7,0
3/9/2015 7:00,10,10,0
3/9/2015 8:00,2,2,0
3/9/2015 9:00,4,4,0
3/9/2015 10:00,2,0,2
3/9/2015 11:00,1,1,0
3/9/2015 12:00,3,0,3
3/9/2015 13:00,2,0,2
3/9/2015 14:00,6,2,4
3/9/2015 15:00,4,0,4
3/9/2015 16:00,3,1,2
3/9/2015 17:00,12,4,8
3/9/2015 18:00,12,1,11
3/9/2015 19:00,7,1,6
3/9/2015 20:00,3,0,3
3/9/2015 21:00,1,0,1
3/9/2015 22:00,1,0,1
3/9/2015 23:00,0,0,0
3/10/2015 0:00,0,0,0
3/10/2015 1:00,0,0,0
3/10/2015 2:00,0,0,0
3/10/2015 3:00,1,1,0
3/10/2015 4:00,1,1,0
3/10/2015 5:00,2,2,0
3/10/2015 6:00,5,5,0
3/10/2015 7:00,9,9,0
3/10/2015 8:00,8,6,2
3/10/2015 9:00,2,2,0
3/10/2015 10:00,1,1,0
3/10/2015 11:00,0,0,0
3/10/2015 12:00,1,0,1
3/10/2015 13:00,1,1,0
3/10/2015 14:00,5,0,5
3/10/2015 15:00,3,0,3
3/10/2015 16:00,7,1,6
3/10/2015 17:00,15,4,11
3/10/2015 18:00,13,2,11
3/10/2015 19:00,2,0,2
3/10/2015 20:00,4,2,2
3/10/2015 21:00,0,0,0
3/10/2015 22:00,0,0,0
3/10/2015 23:00,1,0,1
3/11/2015 0:00,0,0,0
3/11/2015 1:00,0,0,0
3/11/2015 2:00,0,0,0
3/11/2015 3:00,0,0,0
3/11/2015 4:00,1,1,0
3/11/2015 5:00,0,0,0
3/11/2015 6:00,2,2,0
3/11/2015 7:00,8,8,0
3/11/2015 8:00,1,1,0
3/11/2015 9:00,3,3,0
3/11/2015 10:00,0,0,0
3/11/2015 11:00,0,0,0
3/11/2015 12:00,0,0,0
3/11/2015 13:00,1,1,0
3/11/2015 14:00,0,0,0
3/11/2015 15:00,5,0,5
3/11/2015 16:00,4,0,4
3/11/2015 17:00,0,0,0
3/11/2015 18:00,7,2,5
3/11/2015 19:00,3,2,1
3/11/2015 20:00,1,0,1
3/11/2015 21:00,0,0,0
3/11/2015 22:00,0,0,0
3/11/2015 23:00,0,0,0
3/12/2015 0:00,0,0,0
3/12/2015 1:00,0,0,0
3/12/2015 2:00,0,0,0
3/12/2015 3:00,0,0,0
3/12/2015 4:00,2,2,0
3/12/2015 5:00,1,1,0
3/12/2015 6:00,6,5,1
3/12/2015 7:00,7,7,0
3/12/2015 8:00,5,5,0
3/12/2015 9:00,3,2,1
3/12/2015 10:00,1,1,0
3/12/2015 11:00,1,1,0
3/12/2015 12:00,3,1,2
3/12/2015 13:00,5,1,4
3/12/2015 14:00,2,1,1
3/12/2015 15:00,8,2,6
3/12/2015 16:00,4,0,4
3/12/2015 17:00,26,7,19
3/12/2015 18:00,12,4,8
3/12/2015 19:00,12,1,11
3/12/2015 20:00,4,0,4
3/12/2015 21:00,1,1,0
3/12/2015 22:00,3,1,2
3/12/2015 23:00,1,0,1
3/13/2015 0:00,0,0,0
3/13/2015 1:00,0,0,0
3/13/2015 2:00,0,0,0
3/13/2015 3:00,0,0,0
3/13/2015 4:00,0,0,0
3/13/2015 5:00,3,2,1
3/13/2015 6:00,9,8,1
3/13/2015 7:00,7,7,0
3/13/2015 8:00,5,5,0
3/13/2015 9:00,4,4,0
3/13/2015 10:00,1,1,0
3/13/2015 11:00,2,1,1
3/13/2015 12:00,1,1,0
3/13/2015 13:00,1,0,1
3/13/2015 14:00,4,2,2
3/13/2015 15:00,4,2,2
3/13/2015 16:00,8,2,6
3/13/2015 17:00,8,0,8
3/13/2015 18:00,4,0,4
3/13/2015 19:00,9,0,9
3/13/2015 20:00,2,0,2
3/13/2015 21:00,2,0,2
3/13/2015 22:00,0,0,0
3/13/2015 23:00,0,0,0
3/14/2015 0:00,0,0,0
3/14/2015 1:00,0,0,0
3/14/2015 2:00,0,0,0
3/14/2015 3:00,0,0,0
3/14/2015 4:00,0,0,0
3/14/2015 5:00,0,0,0
3/14/2015 6:00,3,3,0
3/14/2015 7:00,1,1,0
3/14/2015 8:00,0,0,0
3/14/2015 9:00,0,0,0
3/14/2015 10:00,1,0,1
3/14/2015 11:00,2,2,0
3/14/2015 12:00,2,1,1
3/14/2015 13:00,2,1,1
3/14/2015 14:00,3,2,1
3/14/2015 15:00,3,2,1
3/14/2015 16:00,5,2,3
3/14/2015 17:00,2,1,1
3/14/2015 18:00,2,0,2
3/14/2015 19:00,1,0,1
3/14/2015 20:00,0,0,0
3/14/2015 21:00,0,0,0
3/14/2015 22:00,0,0,0
3/14/2015 23:00,0,0,0
3/15/2015 0:00,1,1,0
3/15/2015 1:00,0,0,0
3/15/2015 2:00,0,0,0
3/15/2015 3:00,0,0,0
3/15/2015 4:00,0,0,0
3/15/2015 5:00,0,0,0
3/15/2015 6:00,1,1,0
3/15/2015 7:00,1,1,0
3/15/2015 8:00,0,0,0
3/15/2015 9:00,2,2,0
3/15/2015 10:00,0,0,0
3/15/2015 11:00,1,0,1
3/15/2015 12:00,4,2,2
3/15/2015 13:00,0,0,0
3/15/2015 14:00,1,1,0
3/15/2015 15:00,2,0,2
3/15/2015 16:00,1,0,1
3/15/2015 17:00,0,0,0
3/15/2015 18:00,1,0,1
3/15/2015 19:00,0,0,0
3/15/2015 20:00,2,0,2
3/15/2015 21:00,0,0,0
3/15/2015 22:00,0,0,0
3/15/2015 23:00,0,0,0
3/16/2015 0:00,0,0,0
3/16/2015 1:00,0,0,0
3/16/2015 2:00,0,0,0
3/16/2015 3:00,0,0,0
3/16/2015 4:00,0,0,0
3/16/2015 5:00,1,1,0
3/16/2015 6:00,3,3,0
3/16/2015 7:00,8,7,1
3/16/2015 8:00,6,6,0
3/16/2015 9:00,1,0,1
3/16/2015 10:00,4,2,2
3/16/2015 11:00,1,0,1
3/16/2015 12:00,0,0,0
3/16/2015 13:00,2,0,2
3/16/2015 14:00,3,2,1
3/16/2015 15:00,5,1,4
3/16/2015 16:00,11,8,3
3/16/2015 17:00,4,0,4
3/16/2015 18:00,10,3,7
3/16/2015 19:00,4,0,4
3/16/2015 20:00,2,1,1
3/16/2015 21:00,1,0,1
3/16/2015 22:00,1,1,0
3/16/2015 23:00,0,0,0
3/17/2015 0:00,1,1,0
3/17/2015 1:00,0,0,0
3/17/2015 2:00,0,0,0
3/17/2015 3:00,0,0,0
3/17/2015 4:00,1,1,0
3/17/2015 5:00,1,1,0
3/17/2015 6:00,8,8,0
3/17/2015 7:00,10,9,1
3/17/2015 8:00,7,4,3
3/17/2015 9:00,5,4,1
3/17/2015 10:00,3,3,0
3/17/2015 11:00,2,1,1
3/17/2015 12:00,0,0,0
3/17/2015 13:00,6,2,4
3/17/2015 14:00,1,1,0
3/17/2015 15:00,2,0,2
3/17/2015 16:00,7,2,5
3/17/2015 17:00,5,1,4
3/17/2015 18:00,11,1,10
3/17/2015 19:00,1,0,1
3/17/2015 20:00,2,0,2
3/17/2015 21:00,0,0,0
3/17/2015 22:00,1,0,1
3/17/2015 23:00,0,0,0
3/18/2015 0:00,0,0,0
3/18/2015 1:00,0,0,0
3/18/2015 2:00,0,0,0
3/18/2015 3:00,0,0,0
3/18/2015 4:00,1,1,0
3/18/2015 5:00,1,0,1
3/18/2015 6:00,6,6,0
3/18/2015 7:00,12,10,2
3/18/2015 8:00,10,10,0
3/18/2015 9:00,2,2,0
3/18/2015 10:00,2,2,0
3/18/2015 11:00,5,4,1
3/18/2015 12:00,5,2,3
3/18/2015 13:00,2,1,1
3/18/2015 14:00,3,2,1
3/18/2015 15:00,7,2,5
3/18/2015 16:00,10,4,6
3/18/2015 17:00,11,2,9
3/18/2015 18:00,16,3,13
3/18/2015 19:00,5,0,5
3/18/2015 20:00,3,0,3
3/18/2015 21:00,1,0,1
3/18/2015 22:00,0,0,0
3/18/2015 23:00,0,0,0
3/19/2015 0:00,2,0,2
3/19/2015 1:00,0,0,0
3/19/2015 2:00,0,0,0
3/19/2015 3:00,0,0,0
3/19/2015 4:00,2,1,1
3/19/2015 5:00,1,1,0
3/19/2015 6:00,9,9,0
3/19/2015 7:00,10,10,0
3/19/2015 8:00,6,6,0
3/19/2015 9:00,4,3,1
3/19/2015 10:00,1,1,0
3/19/2015 11:00,0,0,0
3/19/2015 12:00,1,1,0
3/19/2015 13:00,4,2,2
3/19/2015 14:00,2,1,1
3/19/2015 15:00,3,0,3
3/19/2015 16:00,8,3,5
3/19/2015 17:00,10,0,10
3/19/2015 18:00,7,1,6
3/19/2015 19:00,4,1,3
3/19/2015 20:00,4,1,3
3/19/2015 21:00,2,0,2
3/19/2015 22:00,0,0,0
3/19/2015 23:00,0,0,0
3/20/2015 0:00,0,0,0
3/20/2015 1:00,0,0,0
3/20/2015 2:00,0,0,0
3/20/2015 3:00,0,0,0
3/20/2015 4:00,0,0,0
3/20/2015 5:00,3,2,1
3/20/2015 6:00,5,5,0
3/20/2015 7:00,4,4,0
3/20/2015 8:00,5,5,0
3/20/2015 9:00,1,1,0
3/20/2015 10:00,1,0,1
3/20/2015 11:00,2,1,1
3/20/2015 12:00,1,0,1
3/20/2015 13:00,1,1,0
3/20/2015 14:00,2,2,0
3/20/2015 15:00,3,0,3
3/20/2015 16:00,6,0,6
3/20/2015 17:00,2,0,2
3/20/2015 18:00,5,0,5
3/20/2015 19:00,5,1,4
3/20/2015 20:00,0,0,0
3/20/2015 21:00,0,0,0
3/20/2015 22:00,0,0,0
3/20/2015 23:00,2,2,0
3/21/2015 0:00,0,0,0
3/21/2015 1:00,0,0,0
3/21/2015 2:00,0,0,0
3/21/2015 3:00,0,0,0
3/21/2015 4:00,0,0,0
3/21/2015 5:00,0,0,0
3/21/2015 6:00,4,4,0
3/21/2015 7:00,1,1,0
3/21/2015 8:00,1,0,1
3/21/2015 9:00,0,0,0
3/21/2015 10:00,2,0,2
3/21/2015 11:00,1,0,1
3/21/2015 12:00,5,3,2
3/21/2015 13:00,4,0,4
3/21/2015 14:00,5,4,1
3/21/2015 15:00,1,0,1
3/21/2015 16:00,2,0,2
3/21/2015 17:00,4,3,1
3/21/2015 18:00,3,0,3
3/21/2015 19:00,0,0,0
3/21/2015 20:00,1,0,1
3/21/2015 21:00,0,0,0
3/21/2015 22:00,0,0,0
3/21/2015 23:00,1,1,0
3/22/2015 0:00,1,0,1
3/22/2015 1:00,0,0,0
3/22/2015 2:00,0,0,0
3/22/2015 3:00,0,0,0
3/22/2015 4:00,0,0,0
3/22/2015 5:00,0,0,0
3/22/2015 6:00,1,1,0
3/22/2015 7:00,0,0,0
3/22/2015 8:00,1,1,0
3/22/2015 9:00,5,5,0
3/22/2015 10:00,7,4,3
3/22/2015 11:00,12,6,6
3/22/2015 12:00,6,1,5
3/22/2015 13:00,0,0,0
3/22/2015 14:00,1,0,1
3/22/2015 15:00,2,1,1
3/22/2015 16:00,4,3,1
3/22/2015 17:00,3,0,3
3/22/2015 18:00,0,0,0
3/22/2015 19:00,0,0,0
3/22/2015 20:00,5,0,5
3/22/2015 21:00,0,0,0
3/22/2015 22:00,0,0,0
3/22/2015 23:00,1,0,1
3/23/2015 0:00,0,0,0
3/23/2015 1:00,0,0,0
3/23/2015 2:00,0,0,0
3/23/2015 3:00,0,0,0
3/23/2015 4:00,2,2,0
3/23/2015 5:00,1,1,0
3/23/2015 6:00,5,4,1
3/23/2015 7:00,8,7,1
3/23/2015 8:00,6,5,1
3/23/2015 9:00,2,2,0
3/23/2015 10:00,1,0,1
3/23/2015 11:00,3,1,2
3/23/2015 12:00,1,1,0
3/23/2015 13:00,1,1,0
3/23/2015 14:00,2,1,1
3/23/2015 15:00,3,0,3
3/23/2015 16:00,6,0,6
3/23/2015 17:00,9,1,8
3/23/2015 18:00,5,0,5
3/23/2015 19:00,4,1,3
3/23/2015 20:00,2,1,1
3/23/2015 21:00,0,0,0
3/23/2015 22:00,0,0,0
3/23/2015 23:00,0,0,0
3/24/2015 0:00,0,0,0
3/24/2015 1:00,0,0,0
3/24/2015 2:00,0,0,0
3/24/2015 3:00,1,1,0
3/24/2015 4:00,0,0,0
3/24/2015 5:00,1,1,0
3/24/2015 6:00,7,7,0
3/24/2015 7:00,7,6,1
3/24/2015 8:00,7,7,0
3/24/2015 9:00,2,2,0
3/24/2015 10:00,6,6,0
3/24/2015 11:00,0,0,0
3/24/2015 12:00,2,0,2
3/24/2015 13:00,1,1,0
3/24/2015 14:00,5,1,4
3/24/2015 15:00,4,1,3
3/24/2015 16:00,8,0,8
3/24/2015 17:00,16,4,12
3/24/2015 18:00,7,0,7
3/24/2015 19:00,9,3,6
3/24/2015 20:00,1,0,1
3/24/2015 21:00,2,0,2
3/24/2015 22:00,0,0,0
3/24/2015 23:00,0,0,0
3/25/2015 0:00,0,0,0
3/25/2015 1:00,0,0,0
3/25/2015 2:00,0,0,0
3/25/2015 3:00,0,0,0
3/25/2015 4:00,0,0,0
3/25/2015 5:00,0,0,0
3/25/2015 6:00,7,6,1
3/25/2015 7:00,9,7,2
3/25/2015 8:00,1,1,0
3/25/2015 9:00,6,6,0
3/25/2015 10:00,0,0,0
3/25/2015 11:00,1,1,0
3/25/2015 12:00,0,0,0
3/25/2015 13:00,1,1,0
3/25/2015 14:00,1,0,1
3/25/2015 15:00,5,2,3
3/25/2015 16:00,3,0,3
3/25/2015 17:00,9,2,7
3/25/2015 18:00,5,0,5
3/25/2015 19:00,5,3,2
3/25/2015 20:00,1,0,1
3/25/2015 21:00,0,0,0
3/25/2015 22:00,0,0,0
3/25/2015 23:00,0,0,0
3/26/2015 0:00,0,0,0
3/26/2015 1:00,0,0,0
3/26/2015 2:00,0,0,0
3/26/2015 3:00,0,0,0
3/26/2015 4:00,1,1,0
3/26/2015 5:00,1,1,0
3/26/2015 6:00,11,11,0
3/26/2015 7:00,11,10,1
3/26/2015 8:00,7,7,0
3/26/2015 9:00,4,4,0
3/26/2015 10:00,1,1,0
3/26/2015 11:00,2,2,0
3/26/2015 12:00,7,4,3
3/26/2015 13:00,6,3,3
3/26/2015 14:00,5,3,2
3/26/2015 15:00,12,3,9
3/26/2015 16:00,16,3,13
3/26/2015 17:00,14,5,9
3/26/2015 18:00,7,2,5
3/26/2015 19:00,15,3,12
3/26/2015 20:00,4,1,3
3/26/2015 21:00,0,0,0
3/26/2015 22:00,1,1,0
3/26/2015 23:00,0,0,0
3/27/2015 0:00,0,0,0
3/27/2015 1:00,0,0,0
3/27/2015 2:00,0,0,0
3/27/2015 3:00,0,0,0
3/27/2015 4:00,2,2,0
3/27/2015 5:00,2,2,0
3/27/2015 6:00,5,5,0
3/27/2015 7:00,13,11,2
3/27/2015 8:00,3,3,0
3/27/2015 9:00,2,2,0
3/27/2015 10:00,0,0,0
3/27/2015 11:00,2,0,2
3/27/2015 12:00,0,0,0
3/27/2015 13:00,3,1,2
3/27/2015 14:00,1,0,1
3/27/2015 15:00,6,1,5
3/27/2015 16:00,11,2,9
3/27/2015 17:00,7,0,7
3/27/2015 18:00,5,0,5
3/27/2015 19:00,2,0,2
3/27/2015 20:00,5,3,2
3/27/2015 21:00,0,0,0
3/27/2015 22:00,2,2,0
3/27/2015 23:00,1,1,0
3/28/2015 0:00,0,0,0
3/28/2015 1:00,0,0,0
3/28/2015 2:00,0,0,0
3/28/2015 3:00,0,0,0
3/28/2015 4:00,0,0,0
3/28/2015 5:00,2,2,0
3/28/2015 6:00,1,1,0
3/28/2015 7:00,1,0,1
3/28/2015 8:00,1,0,1
3/28/2015 9:00,0,0,0
3/28/2015 10:00,1,0,1
3/28/2015 11:00,5,2,3
3/28/2015 12:00,5,3,2
3/28/2015 13:00,5,3,2
3/28/2015 14:00,4,1,3
3/28/2015 15:00,2,1,1
3/28/2015 16:00,3,1,2
3/28/2015 17:00,3,3,0
3/28/2015 18:00,6,0,6
3/28/2015 19:00,2,0,2
3/28/2015 20:00,0,0,0
3/28/2015 21:00,0,0,0
3/28/2015 22:00,0,0,0
3/28/2015 23:00,0,0,0
3/29/2015 0:00,0,0,0
3/29/2015 1:00,0,0,0
3/29/2015 2:00,0,0,0
3/29/2015 3:00,1,1,0
3/29/2015 4:00,0,0,0
3/29/2015 5:00,0,0,0
3/29/2015 6:00,1,1,0
3/29/2015 7:00,0,0,0
3/29/2015 8:00,0,0,0
3/29/2015 9:00,3,3,0
3/29/2015 10:00,3,1,2
3/29/2015 11:00,3,2,1
3/29/2015 12:00,9,5,4
3/29/2015 13:00,5,1,4
3/29/2015 14:00,3,1,2
3/29/2015 15:00,0,0,0
3/29/2015 16:00,2,1,1
3/29/2015 17:00,0,0,0
3/29/2015 18:00,2,0,2
3/29/2015 19:00,2,0,2
3/29/2015 20:00,4,0,4
3/29/2015 21:00,1,1,0
3/29/2015 22:00,0,0,0
3/29/2015 23:00,0,0,0
3/30/2015 0:00,0,0,0
3/30/2015 1:00,1,0,1
3/30/2015 2:00,0,0,0
3/30/2015 3:00,0,0,0
3/30/2015 4:00,0,0,0
3/30/2015 5:00,2,2,0
3/30/2015 6:00,3,3,0
3/30/2015 7:00,9,9,0
3/30/2015 8:00,9,9,0
3/30/2015 9:00,1,1,0
3/30/2015 10:00,2,1,1
3/30/2015 11:00,6,1,5
3/30/2015 12:00,1,1,0
3/30/2015 13:00,1,1,0
3/30/2015 14:00,1,0,1
3/30/2015 15:00,4,2,2
3/30/2015 16:00,6,3,3
3/30/2015 17:00,17,5,12
3/30/2015 18:00,15,1,14
3/30/2015 19:00,4,1,3
3/30/2015 20:00,1,0,1
3/30/2015 21:00,1,0,1
3/30/2015 22:00,0,0,0
3/30/2015 23:00,0,0,0
3/31/2015 0:00,0,0,0
3/31/2015 1:00,0,0,0
3/31/2015 2:00,0,0,0
3/31/2015 3:00,0,0,0
3/31/2015 4:00,0,0,0
3/31/2015 5:00,2,2,0
3/31/2015 6:00,7,7,0
3/31/2015 7:00,9,9,0
3/31/2015 8:00,7,7,0
3/31/2015 9:00,1,1,0
3/31/2015 10:00,4,4,0
3/31/2015 11:00,1,0,1
3/31/2015 12:00,1,1,0
3/31/2015 13:00,6,1,5
3/31/2015 14:00,4,3,1
3/31/2015 15:00,2,0,2
3/31/2015 16:00,7,2,5
3/31/2015 17:00,6,2,4
3/31/2015 18:00,3,0,3
3/31/2015 19:00,3,0,3
3/31/2015 20:00,3,1,2
3/31/2015 21:00,1,0,1
3/31/2015 22:00,0,0,0
3/31/2015 23:00,0,0,0
4/1/2015 0:00,0,0,0
4/1/2015 1:00,0,0,0
4/1/2015 2:00,0,0,0
4/1/2015 3:00,1,1,0
4/1/2015 4:00,0,0,0
4/1/2015 5:00,2,2,0
4/1/2015 6:00,6,6,0
4/1/2015 7:00,7,7,0
4/1/2015 8:00,6,5,1
4/1/2015 9:00,1,1,0
4/1/2015 10:00,0,0,0
4/1/2015 11:00,5,1,4
4/1/2015 12:00,2,1,1
4/1/2015 13:00,2,2,0
4/1/2015 14:00,2,1,1
4/1/2015 15:00,3,0,3
4/1/2015 16:00,1,0,1
4/1/2015 17:00,5,0,5
4/1/2015 18:00,9,0,9
4/1/2015 19:00,4,1,3
4/1/2015 20:00,1,0,1
4/1/2015 21:00,1,0,1
4/1/2015 22:00,0,0,0
4/1/2015 23:00,0,0,0
4/2/2015 0:00,0,0,0
4/2/2015 1:00,0,0,0
4/2/2015 2:00,0,0,0
4/2/2015 3:00,0,0,0
4/2/2015 4:00,0,0,0
4/2/2015 5:00,2,2,0
4/2/2015 6:00,6,6,0
4/2/2015 7:00,9,9,0
4/2/2015 8:00,6,6,0
4/2/2015 9:00,3,3,0
4/2/2015 10:00,1,1,0
4/2/2015 11:00,0,0,0
4/2/2015 12:00,3,1,2
4/2/2015 13:00,3,2,1
4/2/2015 14:00,3,2,1
4/2/2015 15:00,4,1,3
4/2/2015 16:00,10,1,9
4/2/2015 17:00,7,1,6
4/2/2015 18:00,6,1,5
4/2/2015 19:00,6,0,6
4/2/2015 20:00,1,0,1
4/2/2015 21:00,1,0,1
4/2/2015 22:00,0,0,0
4/2/2015 23:00,0,0,0
4/3/2015 0:00,0,0,0
4/3/2015 1:00,0,0,0
4/3/2015 2:00,0,0,0
4/3/2015 3:00,0,0,0
4/3/2015 4:00,1,1,0
4/3/2015 5:00,1,1,0
4/3/2015 6:00,2,2,0
4/3/2015 7:00,11,10,1
4/3/2015 8:00,6,6,0
4/3/2015 9:00,4,4,0
4/3/2015 10:00,1,1,0
4/3/2015 11:00,1,0,1
4/3/2015 12:00,1,1,0
4/3/2015 13:00,0,0,0
4/3/2015 14:00,0,0,0
4/3/2015 15:00,3,1,2
4/3/2015 16:00,7,3,4
4/3/2015 17:00,9,1,8
4/3/2015 18:00,4,0,4
4/3/2015 19:00,5,2,3
4/3/2015 20:00,1,0,1
4/3/2015 21:00,0,0,0
4/3/2015 22:00,0,0,0
4/3/2015 23:00,0,0,0
4/4/2015 0:00,0,0,0
4/4/2015 1:00,0,0,0
4/4/2015 2:00,0,0,0
4/4/2015 3:00,0,0,0
4/4/2015 4:00,0,0,0
4/4/2015 5:00,0,0,0
4/4/2015 6:00,1,1,0
4/4/2015 7:00,3,1,2
4/4/2015 8:00,1,1,0
4/4/2015 9:00,9,8,1
4/4/2015 10:00,4,2,2
4/4/2015 11:00,5,2,3
4/4/2015 12:00,6,4,2
4/4/2015 13:00,8,2,6
4/4/2015 14:00,6,2,4
4/4/2015 15:00,2,0,2
4/4/2015 16:00,7,2,5
4/4/2015 17:00,5,4,1
4/4/2015 18:00,8,1,7
4/4/2015 19:00,2,0,2
4/4/2015 20:00,2,0,2
4/4/2015 21:00,0,0,0
4/4/2015 22:00,2,2,0
4/4/2015 23:00,2,0,2
4/5/2015 0:00,0,0,0
4/5/2015 1:00,0,0,0
4/5/2015 2:00,0,0,0
4/5/2015 3:00,0,0,0
4/5/2015 4:00,0,0,0
4/5/2015 5:00,0,0,0
4/5/2015 6:00,0,0,0
4/5/2015 7:00,2,2,0
4/5/2015 8:00,0,0,0
4/5/2015 9:00,5,5,0
4/5/2015 10:00,5,2,3
4/5/2015 11:00,1,1,0
4/5/2015 12:00,5,1,4
4/5/2015 13:00,2,2,0
4/5/2015 14:00,8,5,3
4/5/2015 15:00,3,1,2
4/5/2015 16:00,2,0,2
4/5/2015 17:00,8,4,4
4/5/2015 18:00,8,4,4
4/5/2015 19:00,1,0,1
4/5/2015 20:00,3,3,0
4/5/2015 21:00,0,0,0
4/5/2015 22:00,0,0,0
4/5/2015 23:00,0,0,0
4/6/2015 0:00,0,0,0
4/6/2015 1:00,0,0,0
4/6/2015 2:00,0,0,0
4/6/2015 3:00,0,0,0
4/6/2015 4:00,1,1,0
4/6/2015 5:00,1,1,0
4/6/2015 6:00,6,6,0
4/6/2015 7:00,10,9,1
4/6/2015 8:00,7,5,2
4/6/2015 9:00,1,1,0
4/6/2015 10:00,1,1,0
4/6/2015 11:00,4,0,4
4/6/2015 12:00,4,3,1
4/6/2015 13:00,1,1,0
4/6/2015 14:00,2,1,1
4/6/2015 15:00,3,2,1
4/6/2015 16:00,4,1,3
4/6/2015 17:00,10,1,9
4/6/2015 18:00,18,2,16
4/6/2015 19:00,4,1,3
4/6/2015 20:00,3,1,2
4/6/2015 21:00,1,0,1
4/6/2015 22:00,0,0,0
4/6/2015 23:00,0,0,0
4/7/2015 0:00,0,0,0
4/7/2015 1:00,0,0,0
4/7/2015 2:00,0,0,0
4/7/2015 3:00,0,0,0
4/7/2015 4:00,0,0,0
4/7/2015 5:00,2,2,0
4/7/2015 6:00,8,7,1
4/7/2015 7:00,12,11,1
4/7/2015 8:00,6,5,1
4/7/2015 9:00,6,6,0
4/7/2015 10:00,5,3,2
4/7/2015 11:00,0,0,0
4/7/2015 12:00,0,0,0
4/7/2015 13:00,0,0,0
4/7/2015 14:00,3,1,2
4/7/2015 15:00,4,3,1
4/7/2015 16:00,8,2,6
4/7/2015 17:00,10,1,9
4/7/2015 18:00,8,2,6
4/7/2015 19:00,5,1,4
4/7/2015 20:00,5,1,4
4/7/2015 21:00,0,0,0
4/7/2015 22:00,0,0,0
4/7/2015 23:00,0,0,0
4/8/2015 0:00,0,0,0
4/8/2015 1:00,0,0,0
4/8/2015 2:00,0,0,0
4/8/2015 3:00,0,0,0
4/8/2015 4:00,0,0,0
4/8/2015 5:00,2,2,0
4/8/2015 6:00,11,9,2
4/8/2015 7:00,4,4,0
4/8/2015 8:00,4,4,0
4/8/2015 9:00,6,5,1
4/8/2015 10:00,1,1,0
4/8/2015 11:00,3,3,0
4/8/2015 12:00,0,0,0
4/8/2015 13:00,1,0,1
4/8/2015 14:00,5,3,2
4/8/2015 15:00,3,1,2
4/8/2015 16:00,13,7,6
4/8/2015 17:00,13,5,8
4/8/2015 18:00,9,1,8
4/8/2015 19:00,3,1,2
4/8/2015 20:00,2,0,2
4/8/2015 21:00,2,0,2
4/8/2015 22:00,0,0,0
4/8/2015 23:00,1,0,1
4/9/2015 0:00,0,0,0
4/9/2015 1:00,0,0,0
4/9/2015 2:00,0,0,0
4/9/2015 3:00,0,0,0
4/9/2015 4:00,0,0,0
4/9/2015 5:00,2,2,0
4/9/2015 6:00,10,8,2
4/9/2015 7:00,10,10,0
4/9/2015 8:00,5,5,0
4/9/2015 9:00,4,3,1
4/9/2015 10:00,1,1,0
4/9/2015 11:00,2,1,1
4/9/2015 12:00,3,2,1
4/9/2015 13:00,1,0,1
4/9/2015 14:00,2,1,1
4/9/2015 15:00,5,2,3
4/9/2015 16:00,15,2,13
4/9/2015 17:00,8,4,4
4/9/2015 18:00,6,0,6
4/9/2015 19:00,10,1,9
4/9/2015 20:00,0,0,0
4/9/2015 21:00,2,1,1
4/9/2015 22:00,0,0,0
4/9/2015 23:00,0,0,0
4/10/2015 0:00,0,0,0
4/10/2015 1:00,0,0,0
4/10/2015 2:00,0,0,0
4/10/2015 3:00,0,0,0
4/10/2015 4:00,1,1,0
4/10/2015 5:00,1,1,0
4/10/2015 6:00,6,5,1
4/10/2015 7:00,8,7,1
4/10/2015 8:00,9,8,1
4/10/2015 9:00,1,0,1
4/10/2015 10:00,4,3,1
4/10/2015 11:00,2,1,1
4/10/2015 12:00,2,1,1
4/10/2015 13:00,1,1,0
4/10/2015 14:00,1,0,1
4/10/2015 15:00,3,0,3
4/10/2015 16:00,6,1,5
4/10/2015 17:00,7,3,4
4/10/2015 18:00,6,0,6
4/10/2015 19:00,4,4,0
4/10/2015 20:00,1,0,1
4/10/2015 21:00,0,0,0
4/10/2015 22:00,0,0,0
4/10/2015 23:00,0,0,0
4/11/2015 0:00,0,0,0
4/11/2015 1:00,0,0,0
4/11/2015 2:00,0,0,0
4/11/2015 3:00,0,0,0
4/11/2015 4:00,0,0,0
4/11/2015 5:00,0,0,0
4/11/2015 6:00,4,2,2
4/11/2015 7:00,0,0,0
4/11/2015 8:00,1,0,1
4/11/2015 9:00,4,3,1
4/11/2015 10:00,2,0,2
4/11/2015 11:00,6,2,4
4/11/2015 12:00,6,2,4
4/11/2015 13:00,11,0,11
4/11/2015 14:00,4,0,4
4/11/2015 15:00,1,1,0
4/11/2015 16:00,5,3,2
4/11/2015 17:00,0,0,0
4/11/2015 18:00,0,0,0
4/11/2015 19:00,2,1,1
4/11/2015 20:00,0,0,0
4/11/2015 21:00,0,0,0
4/11/2015 22:00,0,0,0
4/11/2015 23:00,0,0,0
4/12/2015 0:00,0,0,0
4/12/2015 1:00,0,0,0
4/12/2015 2:00,0,0,0
4/12/2015 3:00,0,0,0
4/12/2015 4:00,0,0,0
4/12/2015 5:00,0,0,0
4/12/2015 6:00,0,0,0
4/12/2015 7:00,0,0,0
4/12/2015 8:00,3,2,1
4/12/2015 9:00,1,1,0
4/12/2015 10:00,7,4,3
4/12/2015 11:00,4,2,2
4/12/2015 12:00,8,4,4
4/12/2015 13:00,6,1,5
4/12/2015 14:00,5,1,4
4/12/2015 15:00,2,0,2
4/12/2015 16:00,3,0,3
4/12/2015 17:00,5,2,3
4/12/2015 18:00,3,1,2
4/12/2015 19:00,2,1,1
4/12/2015 20:00,0,0,0
4/12/2015 21:00,0,0,0
4/12/2015 22:00,0,0,0
4/12/2015 23:00,0,0,0
4/13/2015 0:00,0,0,0
4/13/2015 1:00,0,0,0
4/13/2015 2:00,0,0,0
4/13/2015 3:00,0,0,0
4/13/2015 4:00,2,2,0
4/13/2015 5:00,0,0,0
4/13/2015 6:00,9,9,0
4/13/2015 7:00,9,7,2
4/13/2015 8:00,4,4,0
4/13/2015 9:00,2,2,0
4/13/2015 10:00,1,1,0
4/13/2015 11:00,3,2,1
4/13/2015 12:00,1,1,0
4/13/2015 13:00,3,0,3
4/13/2015 14:00,5,0,5
4/13/2015 15:00,4,2,2
4/13/2015 16:00,3,0,3
4/13/2015 17:00,8,1,7
4/13/2015 18:00,3,0,3
4/13/2015 19:00,4,0,4
4/13/2015 20:00,1,0,1
4/13/2015 21:00,2,0,2
4/13/2015 22:00,0,0,0
4/13/2015 23:00,0,0,0
4/14/2015 0:00,0,0,0
4/14/2015 1:00,0,0,0
4/14/2015 2:00,0,0,0
4/14/2015 3:00,0,0,0
4/14/2015 4:00,1,1,0
4/14/2015 5:00,1,1,0
4/14/2015 6:00,11,11,0
4/14/2015 7:00,6,6,0
4/14/2015 8:00,5,5,0
4/14/2015 9:00,2,1,1
4/14/2015 10:00,3,3,0
4/14/2015 11:00,1,1,0
4/14/2015 12:00,0,0,0
4/14/2015 13:00,0,0,0
4/14/2015 14:00,1,0,1
4/14/2015 15:00,0,0,0
4/14/2015 16:00,3,0,3
4/14/2015 17:00,8,0,8
4/14/2015 18:00,5,0,5
4/14/2015 19:00,1,0,1
4/14/2015 20:00,0,0,0
4/14/2015 21:00,1,1,0
4/14/2015 22:00,0,0,0
4/14/2015 23:00,0,0,0
4/15/2015 0:00,1,0,1
4/15/2015 1:00,0,0,0
4/15/2015 2:00,0,0,0
4/15/2015 3:00,0,0,0
4/15/2015 4:00,1,1,0
4/15/2015 5:00,2,2,0
4/15/2015 6:00,13,12,1
4/15/2015 7:00,8,8,0
4/15/2015 8:00,4,4,0
4/15/2015 9:00,2,2,0
4/15/2015 10:00,2,2,0
4/15/2015 11:00,2,0,2
4/15/2015 12:00,3,1,2
4/15/2015 13:00,1,0,1
4/15/2015 14:00,8,3,5
4/15/2015 15:00,2,0,2
4/15/2015 16:00,11,2,9
4/15/2015 17:00,10,3,7
4/15/2015 18:00,16,2,14
4/15/2015 19:00,4,0,4
4/15/2015 20:00,3,0,3
4/15/2015 21:00,5,2,3
4/15/2015 22:00,0,0,0
4/15/2015 23:00,1,0,1
4/16/2015 0:00,1,0,1
4/16/2015 1:00,0,0,0
4/16/2015 2:00,0,0,0
4/16/2015 3:00,0,0,0
4/16/2015 4:00,1,1,0
4/16/2015 5:00,4,4,0
4/16/2015 6:00,12,11,1
4/16/2015 7:00,13,13,0
4/16/2015 8:00,7,6,1
4/16/2015 9:00,1,1,0
4/16/2015 10:00,0,0,0
4/16/2015 11:00,3,2,1
4/16/2015 12:00,3,3,0
4/16/2015 13:00,2,1,1
4/16/2015 14:00,3,3,0
4/16/2015 15:00,13,3,10
4/16/2015 16:00,5,0,5
4/16/2015 17:00,13,1,12
4/16/2015 18:00,6,0,6
4/16/2015 19:00,7,1,6
4/16/2015 20:00,4,2,2
4/16/2015 21:00,2,1,1
4/16/2015 22:00,0,0,0
4/16/2015 23:00,0,0,0
4/17/2015 0:00,2,0,2
4/17/2015 1:00,1,0,1
4/17/2015 2:00,0,0,0
4/17/2015 3:00,0,0,0
4/17/2015 4:00,0,0,0
4/17/2015 5:00,2,2,0
4/17/2015 6:00,5,5,0
4/17/2015 7:00,8,7,1
4/17/2015 8:00,7,7,0
4/17/2015 9:00,0,0,0
4/17/2015 10:00,2,2,0
4/17/2015 11:00,2,2,0
4/17/2015 12:00,4,2,2
4/17/2015 13:00,2,2,0
4/17/2015 14:00,4,2,2
4/17/2015 15:00,4,0,4
4/17/2015 16:00,11,2,9
4/17/2015 17:00,13,3,10
4/17/2015 18:00,7,0,7
4/17/2015 19:00,2,0,2
4/17/2015 20:00,1,0,1
4/17/2015 21:00,0,0,0
4/17/2015 22:00,1,1,0
4/17/2015 23:00,0,0,0
4/18/2015 0:00,0,0,0
4/18/2015 1:00,1,0,1
4/18/2015 2:00,0,0,0
4/18/2015 3:00,0,0,0
4/18/2015 4:00,0,0,0
4/18/2015 5:00,0,0,0
4/18/2015 6:00,4,3,1
4/18/2015 7:00,3,2,1
4/18/2015 8:00,6,4,2
4/18/2015 9:00,4,3,1
4/18/2015 10:00,7,3,4
4/18/2015 11:00,6,5,1
4/18/2015 12:00,3,1,2
4/18/2015 13:00,12,3,9
4/18/2015 14:00,3,1,2
4/18/2015 15:00,8,3,5
4/18/2015 16:00,6,4,2
4/18/2015 17:00,3,2,1
4/18/2015 18:00,5,0,5
4/18/2015 19:00,1,0,1
4/18/2015 20:00,5,2,3
4/18/2015 21:00,1,0,1
4/18/2015 22:00,0,0,0
4/18/2015 23:00,0,0,0
4/19/2015 0:00,0,0,0
4/19/2015 1:00,0,0,0
4/19/2015 2:00,1,0,1
4/19/2015 3:00,0,0,0
4/19/2015 4:00,1,1,0
4/19/2015 5:00,1,1,0
4/19/2015 6:00,0,0,0
4/19/2015 7:00,1,0,1
4/19/2015 8:00,10,10,0
4/19/2015 9:00,4,2,2
4/19/2015 10:00,2,1,1
4/19/2015 11:00,8,6,2
4/19/2015 12:00,8,2,6
4/19/2015 13:00,14,5,9
4/19/2015 14:00,10,5,5
4/19/2015 15:00,11,7,4
4/19/2015 16:00,5,1,4
4/19/2015 17:00,8,4,4
4/19/2015 18:00,4,1,3
4/19/2015 19:00,1,1,0
4/19/2015 20:00,1,0,1
4/19/2015 21:00,0,0,0
4/19/2015 22:00,0,0,0
4/19/2015 23:00,0,0,0
4/20/2015 0:00,0,0,0
4/20/2015 1:00,0,0,0
4/20/2015 2:00,0,0,0
4/20/2015 3:00,0,0,0
4/20/2015 4:00,0,0,0
4/20/2015 5:00,2,2,0
4/20/2015 6:00,10,9,1
4/20/2015 7:00,11,11,0
4/20/2015 8:00,6,6,0
4/20/2015 9:00,2,1,1
4/20/2015 10:00,6,4,2
4/20/2015 11:00,5,4,1
4/20/2015 12:00,6,2,4
4/20/2015 13:00,1,0,1
4/20/2015 14:00,1,0,1
4/20/2015 15:00,9,2,7
4/20/2015 16:00,13,7,6
4/20/2015 17:00,14,2,12
4/20/2015 18:00,22,2,20
4/20/2015 19:00,9,3,6
4/20/2015 20:00,4,0,4
4/20/2015 21:00,0,0,0
4/20/2015 22:00,0,0,0
4/20/2015 23:00,0,0,0
4/21/2015 0:00,0,0,0
4/21/2015 1:00,0,0,0
4/21/2015 2:00,1,0,1
4/21/2015 3:00,0,0,0
4/21/2015 4:00,1,1,0
4/21/2015 5:00,2,2,0
4/21/2015 6:00,15,14,1
4/21/2015 7:00,12,9,3
4/21/2015 8:00,7,7,0
4/21/2015 9:00,0,0,0
4/21/2015 10:00,1,1,0
4/21/2015 11:00,3,3,0
4/21/2015 12:00,1,0,1
4/21/2015 13:00,3,2,1
4/21/2015 14:00,3,1,2
4/21/2015 15:00,8,2,6
4/21/2015 16:00,9,2,7
4/21/2015 17:00,6,0,6
4/21/2015 18:00,4,0,4
4/21/2015 19:00,2,0,2
4/21/2015 20:00,1,0,1
4/21/2015 21:00,0,0,0
4/21/2015 22:00,1,0,1
4/21/2015 23:00,2,0,2
4/22/2015 0:00,0,0,0
4/22/2015 1:00,1,0,1
4/22/2015 2:00,0,0,0
4/22/2015 3:00,0,0,0
4/22/2015 4:00,0,0,0
4/22/2015 5:00,2,2,0
4/22/2015 6:00,12,12,0
4/22/2015 7:00,15,14,1
4/22/2015 8:00,4,3,1
4/22/2015 9:00,0,0,0
4/22/2015 10:00,4,2,2
4/22/2015 11:00,3,2,1
4/22/2015 12:00,3,1,2
4/22/2015 13:00,2,2,0
4/22/2015 14:00,7,1,6
4/22/2015 15:00,4,0,4
4/22/2015 16:00,10,4,6
4/22/2015 17:00,11,0,11
4/22/2015 18:00,17,2,15
4/22/2015 19:00,1,0,1
4/22/2015 20:00,5,1,4
4/22/2015 21:00,1,0,1
4/22/2015 22:00,0,0,0
4/22/2015 23:00,0,0,0
4/23/2015 0:00,0,0,0
4/23/2015 1:00,1,0,1
4/23/2015 2:00,0,0,0
4/23/2015 3:00,0,0,0
4/23/2015 4:00,3,3,0
4/23/2015 5:00,0,0,0
4/23/2015 6:00,10,10,0
4/23/2015 7:00,13,11,2
4/23/2015 8:00,7,6,1
4/23/2015 9:00,4,4,0
4/23/2015 10:00,1,1,0
4/23/2015 11:00,0,0,0
4/23/2015 12:00,3,2,1
4/23/2015 13:00,2,2,0
4/23/2015 14:00,2,0,2
4/23/2015 15:00,1,0,1
4/23/2015 16:00,11,3,8
4/23/2015 17:00,4,0,4
4/23/2015 18:00,11,0,11
4/23/2015 19:00,3,0,3
4/23/2015 20:00,4,3,1
4/23/2015 21:00,1,0,1
4/23/2015 22:00,3,0,3
4/23/2015 23:00,0,0,0
4/24/2015 0:00,1,0,1
4/24/2015 1:00,0,0,0
4/24/2015 2:00,0,0,0
4/24/2015 3:00,0,0,0
4/24/2015 4:00,0,0,0
4/24/2015 5:00,3,3,0
4/24/2015 6:00,9,9,0
4/24/2015 7:00,3,2,1
4/24/2015 8:00,6,6,0
4/24/2015 9:00,1,1,0
4/24/2015 10:00,3,3,0
4/24/2015 11:00,0,0,0
4/24/2015 12:00,2,1,1
4/24/2015 13:00,2,0,2
4/24/2015 14:00,3,0,3
4/24/2015 15:00,6,2,4
4/24/2015 16:00,8,1,7
4/24/2015 17:00,5,1,4
4/24/2015 18:00,4,1,3
4/24/2015 19:00,6,0,6
4/24/2015 20:00,3,1,2
4/24/2015 21:00,1,0,1
4/24/2015 22:00,1,0,1
4/24/2015 23:00,0,0,0
4/25/2015 0:00,0,0,0
4/25/2015 1:00,0,0,0
4/25/2015 2:00,0,0,0
4/25/2015 3:00,0,0,0
4/25/2015 4:00,0,0,0
4/25/2015 5:00,0,0,0
4/25/2015 6:00,1,1,0
4/25/2015 7:00,0,0,0
4/25/2015 8:00,6,6,0
4/25/2015 9:00,6,5,1
4/25/2015 10:00,5,2,3
4/25/2015 11:00,3,2,1
4/25/2015 12:00,2,1,1
4/25/2015 13:00,3,0,3
4/25/2015 14:00,3,1,2
4/25/2015 15:00,8,6,2
4/25/2015 16:00,4,1,3
4/25/2015 17:00,3,1,2
4/25/2015 18:00,4,0,4
4/25/2015 19:00,2,1,1
4/25/2015 20:00,1,0,1
4/25/2015 21:00,0,0,0
4/25/2015 22:00,0,0,0
4/25/2015 23:00,0,0,0
4/26/2015 0:00,0,0,0
4/26/2015 1:00,0,0,0
4/26/2015 2:00,0,0,0
4/26/2015 3:00,0,0,0
4/26/2015 4:00,0,0,0
4/26/2015 5:00,0,0,0
4/26/2015 6:00,1,1,0
4/26/2015 7:00,0,0,0
4/26/2015 8:00,1,1,0
4/26/2015 9:00,3,2,1
4/26/2015 10:00,2,2,0
4/26/2015 11:00,4,0,4
4/26/2015 12:00,5,3,2
4/26/2015 13:00,3,2,1
4/26/2015 14:00,2,0,2
4/26/2015 15:00,5,2,3
4/26/2015 16:00,3,2,1
4/26/2015 17:00,7,2,5
4/26/2015 18:00,4,1,3
4/26/2015 19:00,3,3,0
4/26/2015 20:00,0,0,0
4/26/2015 21:00,0,0,0
4/26/2015 22:00,0,0,0
4/26/2015 23:00,0,0,0
4/27/2015 0:00,1,0,1
4/27/2015 1:00,0,0,0
4/27/2015 2:00,0,0,0
4/27/2015 3:00,0,0,0
4/27/2015 4:00,0,0,0
4/27/2015 5:00,1,1,0
4/27/2015 6:00,5,4,1
4/27/2015 7:00,17,17,0
4/27/2015 8:00,5,5,0
4/27/2015 9:00,3,3,0
4/27/2015 10:00,1,1,0
4/27/2015 11:00,2,2,0
4/27/2015 12:00,3,2,1
4/27/2015 13:00,3,2,1
4/27/2015 14:00,8,3,5
4/27/2015 15:00,7,4,3
4/27/2015 16:00,14,3,11
4/27/2015 17:00,24,9,15
4/27/2015 18:00,20,3,17
4/27/2015 19:00,12,2,10
4/27/2015 20:00,3,0,3
4/27/2015 21:00,0,0,0
4/27/2015 22:00,0,0,0
4/27/2015 23:00,0,0,0
4/28/2015 0:00,0,0,0
4/28/2015 1:00,0,0,0
4/28/2015 2:00,0,0,0
4/28/2015 3:00,0,0,0
4/28/2015 4:00,0,0,0
4/28/2015 5:00,1,1,0
4/28/2015 6:00,12,12,0
4/28/2015 7:00,7,6,1
4/28/2015 8:00,3,3,0
4/28/2015 9:00,1,1,0
4/28/2015 10:00,1,1,0
4/28/2015 11:00,1,1,0
4/28/2015 12:00,2,1,1
4/28/2015 13:00,1,1,0
4/28/2015 14:00,2,1,1
4/28/2015 15:00,4,0,4
4/28/2015 16:00,18,10,8
4/28/2015 17:00,19,0,19
4/28/2015 18:00,7,1,6
4/28/2015 19:00,4,2,2
4/28/2015 20:00,2,1,1
4/28/2015 21:00,2,0,2
4/28/2015 22:00,0,0,0
4/28/2015 23:00,0,0,0
4/29/2015 0:00,0,0,0
4/29/2015 1:00,0,0,0
4/29/2015 2:00,0,0,0
4/29/2015 3:00,0,0,0
4/29/2015 4:00,0,0,0
4/29/2015 5:00,1,1,0
4/29/2015 6:00,9,9,0
4/29/2015 7:00,15,10,5
4/29/2015 8:00,5,5,0
4/29/2015 9:00,4,3,1
4/29/2015 10:00,1,1,0
4/29/2015 11:00,2,0,2
4/29/2015 12:00,3,1,2
4/29/2015 13:00,2,0,2
4/29/2015 14:00,2,0,2
4/29/2015 15:00,4,1,3
4/29/2015 16:00,14,6,8
4/29/2015 17:00,13,4,9
4/29/2015 18:00,14,3,11
4/29/2015 19:00,9,2,7
4/29/2015 20:00,4,2,2
4/29/2015 21:00,5,2,3
4/29/2015 22:00,1,0,1
4/29/2015 23:00,0,0,0
4/30/2015 0:00,0,0,0
4/30/2015 1:00,0,0,0
4/30/2015 2:00,2,1,1
4/30/2015 3:00,0,0,0
4/30/2015 4:00,1,1,0
4/30/2015 5:00,2,2,0
4/30/2015 6:00,12,11,1
4/30/2015 7:00,9,9,0
4/30/2015 8:00,11,10,1
4/30/2015 9:00,2,2,0
4/30/2015 10:00,1,0,1
4/30/2015 11:00,4,4,0
4/30/2015 12:00,3,1,2
4/30/2015 13:00,3,2,1
4/30/2015 14:00,0,0,0
4/30/2015 15:00,8,3,5
4/30/2015 16:00,7,0,7
4/30/2015 17:00,16,5,11
4/30/2015 18:00,8,3,5
4/30/2015 19:00,12,0,12
4/30/2015 20:00,0,0,0
4/30/2015 21:00,2,0,2
4/30/2015 22:00,0,0,0
4/30/2015 23:00,0,0,0
5/1/2015 0:00,0,0,0
5/1/2015 1:00,1,0,1
5/1/2015 2:00,1,0,1
5/1/2015 3:00,0,0,0
5/1/2015 4:00,0,0,0
5/1/2015 5:00,2,2,0
5/1/2015 6:00,7,6,1
5/1/2015 7:00,18,18,0
5/1/2015 8:00,10,10,0
5/1/2015 9:00,5,4,1
5/1/2015 10:00,5,4,1
5/1/2015 11:00,2,1,1
5/1/2015 12:00,3,2,1
5/1/2015 13:00,3,1,2
5/1/2015 14:00,3,2,1
5/1/2015 15:00,11,4,7
5/1/2015 16:00,8,1,7
5/1/2015 17:00,16,4,12
5/1/2015 18:00,14,3,11
5/1/2015 19:00,13,2,11
5/1/2015 20:00,2,0,2
5/1/2015 21:00,2,2,0
5/1/2015 22:00,0,0,0
5/1/2015 23:00,1,0,1
5/2/2015 0:00,2,0,2
5/2/2015 1:00,1,0,1
5/2/2015 2:00,0,0,0
5/2/2015 3:00,0,0,0
5/2/2015 4:00,0,0,0
5/2/2015 5:00,4,4,0
5/2/2015 6:00,4,4,0
5/2/2015 7:00,1,1,0
5/2/2015 8:00,4,3,1
5/2/2015 9:00,2,1,1
5/2/2015 10:00,2,1,1
5/2/2015 11:00,3,2,1
5/2/2015 12:00,0,0,0
5/2/2015 13:00,3,2,1
5/2/2015 14:00,6,3,3
5/2/2015 15:00,11,7,4
5/2/2015 16:00,10,2,8
5/2/2015 17:00,8,2,6
5/2/2015 18:00,5,4,1
5/2/2015 19:00,0,0,0
5/2/2015 20:00,1,1,0
5/2/2015 21:00,2,0,2
5/2/2015 22:00,0,0,0
5/2/2015 23:00,0,0,0
5/3/2015 0:00,0,0,0
5/3/2015 1:00,0,0,0
5/3/2015 2:00,0,0,0
5/3/2015 3:00,0,0,0
5/3/2015 4:00,0,0,0
5/3/2015 5:00,0,0,0
5/3/2015 6:00,1,0,1
5/3/2015 7:00,2,2,0
5/3/2015 8:00,5,3,2
5/3/2015 9:00,3,1,2
5/3/2015 10:00,5,3,2
5/3/2015 11:00,6,3,3
5/3/2015 12:00,11,6,5
5/3/2015 13:00,11,3,8
5/3/2015 14:00,8,6,2
5/3/2015 15:00,2,0,2
5/3/2015 16:00,9,2,7
5/3/2015 17:00,5,0,5
5/3/2015 18:00,6,1,5
5/3/2015 19:00,9,2,7
5/3/2015 20:00,1,0,1
5/3/2015 21:00,2,1,1
5/3/2015 22:00,0,0,0
5/3/2015 23:00,0,0,0
5/4/2015 0:00,1,0,1
5/4/2015 1:00,0,0,0
5/4/2015 2:00,0,0,0
5/4/2015 3:00,0,0,0
5/4/2015 4:00,2,2,0
5/4/2015 5:00,2,2,0
5/4/2015 6:00,6,4,2
5/4/2015 7:00,18,18,0
5/4/2015 8:00,13,12,1
5/4/2015 9:00,7,6,1
5/4/2015 10:00,2,2,0
5/4/2015 11:00,1,1,0
5/4/2015 12:00,14,5,9
5/4/2015 13:00,2,0,2
5/4/2015 14:00,2,1,1
5/4/2015 15:00,8,3,5
5/4/2015 16:00,12,4,8
5/4/2015 17:00,14,1,13
5/4/2015 18:00,24,4,20
5/4/2015 19:00,9,2,7
5/4/2015 20:00,2,0,2
5/4/2015 21:00,0,0,0
5/4/2015 22:00,0,0,0
5/4/2015 23:00,0,0,0
5/5/2015 0:00,5,0,5
5/5/2015 1:00,1,0,1
5/5/2015 2:00,0,0,0
5/5/2015 3:00,0,0,0
5/5/2015 4:00,0,0,0
5/5/2015 5:00,3,2,1
5/5/2015 6:00,7,6,1
5/5/2015 7:00,13,13,0
5/5/2015 8:00,5,5,0
5/5/2015 9:00,6,3,3
5/5/2015 10:00,1,1,0
5/5/2015 11:00,1,0,1
5/5/2015 12:00,1,0,1
5/5/2015 13:00,1,1,0
5/5/2015 14:00,4,2,2
5/5/2015 15:00,2,1,1
5/5/2015 16:00,7,0,7
5/5/2015 17:00,6,2,4
5/5/2015 18:00,4,0,4
5/5/2015 19:00,4,0,4
5/5/2015 20:00,3,0,3
5/5/2015 21:00,0,0,0
5/5/2015 22:00,0,0,0
5/5/2015 23:00,0,0,0
5/6/2015 0:00,0,0,0
5/6/2015 1:00,0,0,0
5/6/2015 2:00,0,0,0
5/6/2015 3:00,1,0,1
5/6/2015 4:00,1,1,0
5/6/2015 5:00,1,1,0
5/6/2015 6:00,12,12,0
5/6/2015 7:00,22,21,1
5/6/2015 8:00,9,9,0
5/6/2015 9:00,7,5,2
5/6/2015 10:00,2,1,1
5/6/2015 11:00,2,1,1
5/6/2015 12:00,0,0,0
5/6/2015 13:00,6,3,3
5/6/2015 14:00,1,1,0
5/6/2015 15:00,6,1,5
5/6/2015 16:00,14,3,11
5/6/2015 17:00,18,2,16
5/6/2015 18:00,18,1,17
5/6/2015 19:00,11,2,9
5/6/2015 20:00,5,1,4
5/6/2015 21:00,5,0,5
5/6/2015 22:00,0,0,0
5/6/2015 23:00,0,0,0
5/7/2015 0:00,0,0,0
5/7/2015 1:00,0,0,0
5/7/2015 2:00,0,0,0
5/7/2015 3:00,0,0,0
5/7/2015 4:00,0,0,0
5/7/2015 5:00,1,1,0
5/7/2015 6:00,20,20,0
5/7/2015 7:00,20,17,3
5/7/2015 8:00,15,15,0
5/7/2015 9:00,3,3,0
5/7/2015 10:00,2,2,0
5/7/2015 11:00,2,0,2
5/7/2015 12:00,3,0,3
5/7/2015 13:00,4,2,2
5/7/2015 14:00,4,0,4
5/7/2015 15:00,5,3,2
5/7/2015 16:00,11,1,10
5/7/2015 17:00,17,3,14
5/7/2015 18:00,5,0,5
5/7/2015 19:00,7,1,6
5/7/2015 20:00,53,0,53
5/7/2015 21:00,1,1,0
5/7/2015 22:00,2,0,2
5/7/2015 23:00,0,0,0
5/8/2015 0:00,0,0,0
5/8/2015 1:00,0,0,0
5/8/2015 2:00,0,0,0
5/8/2015 3:00,0,0,0
5/8/2015 4:00,1,1,0
5/8/2015 5:00,3,2,1
5/8/2015 6:00,14,14,0
5/8/2015 7:00,17,16,1
5/8/2015 8:00,14,11,3
5/8/2015 9:00,2,2,0
5/8/2015 10:00,4,3,1
5/8/2015 11:00,5,1,4
5/8/2015 12:00,5,0,5
5/8/2015 13:00,1,0,1
5/8/2015 14:00,3,1,2
5/8/2015 15:00,9,3,6
5/8/2015 16:00,16,3,13
5/8/2015 17:00,10,1,9
5/8/2015 18:00,13,0,13
5/8/2015 19:00,7,0,7
5/8/2015 20:00,3,2,1
5/8/2015 21:00,0,0,0
5/8/2015 22:00,0,0,0
5/8/2015 23:00,1,1,0
5/9/2015 0:00,1,1,0
5/9/2015 1:00,2,2,0
5/9/2015 2:00,1,0,1
5/9/2015 3:00,0,0,0
5/9/2015 4:00,0,0,0
5/9/2015 5:00,2,2,0
5/9/2015 6:00,2,1,1
5/9/2015 7:00,6,1,5
5/9/2015 8:00,5,3,2
5/9/2015 9:00,8,4,4
5/9/2015 10:00,4,3,1
5/9/2015 11:00,6,5,1
5/9/2015 12:00,4,3,1
5/9/2015 13:00,1,1,0
5/9/2015 14:00,5,2,3
5/9/2015 15:00,8,5,3
5/9/2015 16:00,8,4,4
5/9/2015 17:00,3,2,1
5/9/2015 18:00,4,1,3
5/9/2015 19:00,1,1,0
5/9/2015 20:00,1,1,0
5/9/2015 21:00,0,0,0
5/9/2015 22:00,1,0,1
5/9/2015 23:00,0,0,0
5/10/2015 0:00,0,0,0
5/10/2015 1:00,1,0,1
5/10/2015 2:00,1,0,1
5/10/2015 3:00,0,0,0
5/10/2015 4:00,0,0,0
5/10/2015 5:00,0,0,0
5/10/2015 6:00,0,0,0
5/10/2015 7:00,2,2,0
5/10/2015 8:00,5,4,1
5/10/2015 9:00,3,3,0
5/10/2015 10:00,5,3,2
5/10/2015 11:00,2,1,1
5/10/2015 12:00,5,4,1
5/10/2015 13:00,3,2,1
5/10/2015 14:00,4,0,4
5/10/2015 15:00,3,0,3
5/10/2015 16:00,4,0,4
5/10/2015 17:00,12,8,4
5/10/2015 18:00,6,2,4
5/10/2015 19:00,3,1,2
5/10/2015 20:00,2,0,2
5/10/2015 21:00,4,0,4
5/10/2015 22:00,0,0,0
5/10/2015 23:00,1,1,0
5/11/2015 0:00,0,0,0
5/11/2015 1:00,1,0,1
5/11/2015 2:00,0,0,0
5/11/2015 3:00,0,0,0
5/11/2015 4:00,0,0,0
5/11/2015 5:00,4,4,0
5/11/2015 6:00,10,9,1
5/11/2015 7:00,10,10,0
5/11/2015 8:00,7,7,0
5/11/2015 9:00,9,8,1
5/11/2015 10:00,2,2,0
5/11/2015 11:00,3,3,0
5/11/2015 12:00,2,1,1
5/11/2015 13:00,1,0,1
5/11/2015 14:00,2,2,0
5/11/2015 15:00,3,0,3
5/11/2015 16:00,16,3,13
5/11/2015 17:00,17,3,14
5/11/2015 18:00,14,3,11
5/11/2015 19:00,4,0,4
5/11/2015 20:00,4,1,3
5/11/2015 21:00,0,0,0
5/11/2015 22:00,0,0,0
5/11/2015 23:00,1,0,1
5/12/2015 0:00,0,0,0
5/12/2015 1:00,0,0,0
5/12/2015 2:00,0,0,0
5/12/2015 3:00,0,0,0
5/12/2015 4:00,0,0,0
5/12/2015 5:00,3,3,0
5/12/2015 6:00,11,11,0
5/12/2015 7:00,13,12,1
5/12/2015 8:00,11,10,1
5/12/2015 9:00,3,3,0
5/12/2015 10:00,2,2,0
5/12/2015 11:00,1,0,1
5/12/2015 12:00,4,3,1
5/12/2015 13:00,2,1,1
5/12/2015 14:00,2,1,1
5/12/2015 15:00,2,0,2
5/12/2015 16:00,8,1,7
5/12/2015 17:00,15,3,12
5/12/2015 18:00,12,0,12
5/12/2015 19:00,5,0,5
5/12/2015 20:00,0,0,0
5/12/2015 21:00,0,0,0
5/12/2015 22:00,0,0,0
5/12/2015 23:00,0,0,0
5/13/2015 0:00,0,0,0
5/13/2015 1:00,0,0,0
5/13/2015 2:00,0,0,0
5/13/2015 3:00,0,0,0
5/13/2015 4:00,1,1,0
5/13/2015 5:00,1,1,0
5/13/2015 6:00,5,5,0
5/13/2015 7:00,14,12,2
5/13/2015 8:00,6,5,1
5/13/2015 9:00,3,3,0
5/13/2015 10:00,2,2,0
5/13/2015 11:00,1,1,0
5/13/2015 12:00,1,1,0
5/13/2015 13:00,1,0,1
5/13/2015 14:00,2,2,0
5/13/2015 15:00,5,1,4
5/13/2015 16:00,6,0,6
5/13/2015 17:00,9,0,9
5/13/2015 18:00,7,2,5
5/13/2015 19:00,4,0,4
5/13/2015 20:00,1,0,1
5/13/2015 21:00,1,0,1
5/13/2015 22:00,0,0,0
5/13/2015 23:00,0,0,0
5/14/2015 0:00,0,0,0
5/14/2015 1:00,0,0,0
5/14/2015 2:00,0,0,0
5/14/2015 3:00,1,1,0
5/14/2015 4:00,1,1,0
5/14/2015 5:00,0,0,0
5/14/2015 6:00,13,12,1
5/14/2015 7:00,19,18,1
5/14/2015 8:00,9,9,0
5/14/2015 9:00,5,3,2
5/14/2015 10:00,2,2,0
5/14/2015 11:00,0,0,0
5/14/2015 12:00,3,0,3
5/14/2015 13:00,5,3,2
5/14/2015 14:00,0,0,0
5/14/2015 15:00,5,0,5
5/14/2015 16:00,8,0,8
5/14/2015 17:00,25,7,18
5/14/2015 18:00,14,0,14
5/14/2015 19:00,4,1,3
5/14/2015 20:00,2,1,1
5/14/2015 21:00,0,0,0
5/14/2015 22:00,1,0,1
5/14/2015 23:00,0,0,0
5/15/2015 0:00,1,0,1
5/15/2015 1:00,0,0,0
5/15/2015 2:00,0,0,0
5/15/2015 3:00,0,0,0
5/15/2015 4:00,0,0,0
5/15/2015 5:00,4,4,0
5/15/2015 6:00,18,18,0
5/15/2015 7:00,21,18,3
5/15/2015 8:00,19,19,0
5/15/2015 9:00,3,3,0
5/15/2015 10:00,3,1,2
5/15/2015 11:00,4,3,1
5/15/2015 12:00,3,1,2
5/15/2015 13:00,2,1,1
5/15/2015 14:00,6,2,4
5/15/2015 15:00,10,2,8
5/15/2015 16:00,15,4,11
5/15/2015 17:00,22,4,18
5/15/2015 18:00,11,1,10
5/15/2015 19:00,3,0,3
5/15/2015 20:00,6,4,2
5/15/2015 21:00,1,1,0
5/15/2015 22:00,1,0,1
5/15/2015 23:00,0,0,0
5/16/2015 0:00,1,0,1
5/16/2015 1:00,0,0,0
5/16/2015 2:00,0,0,0
5/16/2015 3:00,0,0,0
5/16/2015 4:00,0,0,0
5/16/2015 5:00,0,0,0
5/16/2015 6:00,1,1,0
5/16/2015 7:00,0,0,0
5/16/2015 8:00,3,3,0
5/16/2015 9:00,8,6,2
5/16/2015 10:00,6,3,3
5/16/2015 11:00,2,0,2
5/16/2015 12:00,4,2,2
5/16/2015 13:00,3,0,3
5/16/2015 14:00,3,1,2
5/16/2015 15:00,11,1,10
5/16/2015 16:00,13,7,6
5/16/2015 17:00,6,2,4
5/16/2015 18:00,8,6,2
5/16/2015 19:00,5,1,4
5/16/2015 20:00,3,0,3
5/16/2015 21:00,0,0,0
5/16/2015 22:00,0,0,0
5/16/2015 23:00,1,0,1
5/17/2015 0:00,0,0,0
5/17/2015 1:00,0,0,0
5/17/2015 2:00,0,0,0
5/17/2015 3:00,0,0,0
5/17/2015 4:00,0,0,0
5/17/2015 5:00,0,0,0
5/17/2015 6:00,0,0,0
5/17/2015 7:00,2,2,0
5/17/2015 8:00,5,5,0
5/17/2015 9:00,1,1,0
5/17/2015 10:00,2,1,1
5/17/2015 11:00,7,5,2
5/17/2015 12:00,2,2,0
5/17/2015 13:00,2,1,1
5/17/2015 14:00,2,0,2
5/17/2015 15:00,5,5,0
5/17/2015 16:00,4,1,3
5/17/2015 17:00,11,5,6
5/17/2015 18:00,4,3,1
5/17/2015 19:00,4,1,3
5/17/2015 20:00,4,3,1
5/17/2015 21:00,3,0,3
5/17/2015 22:00,0,0,0
5/17/2015 23:00,0,0,0
5/18/2015 0:00,0,0,0
5/18/2015 1:00,0,0,0
5/18/2015 2:00,0,0,0
5/18/2015 3:00,0,0,0
5/18/2015 4:00,2,2,0
5/18/2015 5:00,1,1,0
5/18/2015 6:00,12,9,3
5/18/2015 7:00,22,21,1
5/18/2015 8:00,15,15,0
5/18/2015 9:00,4,3,1
5/18/2015 10:00,5,2,3
5/18/2015 11:00,4,0,4
5/18/2015 12:00,6,4,2
5/18/2015 13:00,2,1,1
5/18/2015 14:00,6,2,4
5/18/2015 15:00,12,5,7
5/18/2015 16:00,16,6,10
5/18/2015 17:00,26,5,21
5/18/2015 18:00,24,2,22
5/18/2015 19:00,5,0,5
5/18/2015 20:00,7,1,6
5/18/2015 21:00,0,0,0
5/18/2015 22:00,0,0,0
5/18/2015 23:00,0,0,0
5/19/2015 0:00,0,0,0
5/19/2015 1:00,0,0,0
5/19/2015 2:00,0,0,0
5/19/2015 3:00,0,0,0
5/19/2015 4:00,0,0,0
5/19/2015 5:00,3,3,0
5/19/2015 6:00,16,15,1
5/19/2015 7:00,23,21,2
5/19/2015 8:00,11,11,0
5/19/2015 9:00,1,1,0
5/19/2015 10:00,5,3,2
5/19/2015 11:00,2,2,0
5/19/2015 12:00,3,1,2
5/19/2015 13:00,4,1,3
5/19/2015 14:00,5,1,4
5/19/2015 15:00,5,1,4
5/19/2015 16:00,25,3,22
5/19/2015 17:00,20,3,17
5/19/2015 18:00,18,1,17
5/19/2015 19:00,7,2,5
5/19/2015 20:00,2,0,2
5/19/2015 21:00,1,1,0
5/19/2015 22:00,1,1,0
5/19/2015 23:00,0,0,0
5/20/2015 0:00,0,0,0
5/20/2015 1:00,1,0,1
5/20/2015 2:00,0,0,0
5/20/2015 3:00,0,0,0
5/20/2015 4:00,1,1,0
5/20/2015 5:00,4,4,0
5/20/2015 6:00,13,10,3
5/20/2015 7:00,13,12,1
5/20/2015 8:00,12,12,0
5/20/2015 9:00,4,3,1
5/20/2015 10:00,1,1,0
5/20/2015 11:00,1,1,0
5/20/2015 12:00,0,0,0
5/20/2015 13:00,3,1,2
5/20/2015 14:00,0,0,0
5/20/2015 15:00,6,0,6
5/20/2015 16:00,15,2,13
5/20/2015 17:00,15,0,15
5/20/2015 18:00,16,5,11
5/20/2015 19:00,7,0,7
5/20/2015 20:00,2,0,2
5/20/2015 21:00,4,1,3
5/20/2015 22:00,0,0,0
5/20/2015 23:00,0,0,0
5/21/2015 0:00,0,0,0
5/21/2015 1:00,0,0,0
5/21/2015 2:00,0,0,0
5/21/2015 3:00,0,0,0
5/21/2015 4:00,2,1,1
5/21/2015 5:00,2,2,0
5/21/2015 6:00,18,18,0
5/21/2015 7:00,18,16,2
5/21/2015 8:00,13,13,0
5/21/2015 9:00,4,4,0
5/21/2015 10:00,4,3,1
5/21/2015 11:00,2,2,0
5/21/2015 12:00,1,1,0
5/21/2015 13:00,3,2,1
5/21/2015 14:00,3,2,1
5/21/2015 15:00,8,3,5
5/21/2015 16:00,23,6,17
5/21/2015 17:00,16,1,15
5/21/2015 18:00,22,2,20
5/21/2015 19:00,5,0,5
5/21/2015 20:00,2,1,1
5/21/2015 21:00,4,2,2
5/21/2015 22:00,1,0,1
5/21/2015 23:00,1,0,1
5/22/2015 0:00,1,0,1
5/22/2015 1:00,0,0,0
5/22/2015 2:00,0,0,0
5/22/2015 3:00,0,0,0
5/22/2015 4:00,1,1,0
5/22/2015 5:00,4,4,0
5/22/2015 6:00,13,11,2
5/22/2015 7:00,9,9,0
5/22/2015 8:00,15,13,2
5/22/2015 9:00,3,3,0
5/22/2015 10:00,0,0,0
5/22/2015 11:00,2,1,1
5/22/2015 12:00,3,1,2
5/22/2015 13:00,4,1,3
5/22/2015 14:00,3,0,3
5/22/2015 15:00,5,0,5
5/22/2015 16:00,12,5,7
5/22/2015 17:00,12,2,10
5/22/2015 18:00,10,3,7
5/22/2015 19:00,6,1,5
5/22/2015 20:00,3,1,2
5/22/2015 21:00,3,2,1
5/22/2015 22:00,0,0,0
5/22/2015 23:00,0,0,0
5/23/2015 0:00,0,0,0
5/23/2015 1:00,0,0,0
5/23/2015 2:00,0,0,0
5/23/2015 3:00,0,0,0
5/23/2015 4:00,0,0,0
5/23/2015 5:00,0,0,0
5/23/2015 6:00,0,0,0
5/23/2015 7:00,2,2,0
5/23/2015 8:00,3,1,2
5/23/2015 9:00,4,3,1
5/23/2015 10:00,2,2,0
5/23/2015 11:00,2,1,1
5/23/2015 12:00,1,1,0
5/23/2015 13:00,8,5,3
5/23/2015 14:00,0,0,0
5/23/2015 15:00,0,0,0
5/23/2015 16:00,4,1,3
5/23/2015 17:00,1,0,1
5/23/2015 18:00,1,1,0
5/23/2015 19:00,2,0,2
5/23/2015 20:00,1,0,1
5/23/2015 21:00,0,0,0
5/23/2015 22:00,0,0,0
5/23/2015 23:00,2,0,2
5/24/2015 0:00,2,0,2
5/24/2015 1:00,0,0,0
5/24/2015 2:00,0,0,0
5/24/2015 3:00,0,0,0
5/24/2015 4:00,0,0,0
5/24/2015 5:00,0,0,0
5/24/2015 6:00,0,0,0
5/24/2015 7:00,2,2,0
5/24/2015 8:00,3,1,2
5/24/2015 9:00,2,1,1
5/24/2015 10:00,1,0,1
5/24/2015 11:00,5,4,1
5/24/2015 12:00,6,6,0
5/24/2015 13:00,3,1,2
5/24/2015 14:00,5,2,3
5/24/2015 15:00,7,5,2
5/24/2015 16:00,5,4,1
5/24/2015 17:00,3,2,1
5/24/2015 18:00,10,4,6
5/24/2015 19:00,1,1,0
5/24/2015 20:00,4,1,3
5/24/2015 21:00,6,3,3
5/24/2015 22:00,0,0,0
5/24/2015 23:00,0,0,0
5/25/2015 0:00,0,0,0
5/25/2015 1:00,0,0,0
5/25/2015 2:00,0,0,0
5/25/2015 3:00,0,0,0
5/25/2015 4:00,0,0,0
5/25/2015 5:00,0,0,0
5/25/2015 6:00,0,0,0
5/25/2015 7:00,1,1,0
5/25/2015 8:00,1,0,1
5/25/2015 9:00,3,2,1
5/25/2015 10:00,6,3,3
5/25/2015 11:00,7,5,2
5/25/2015 12:00,9,6,3
5/25/2015 13:00,8,5,3
5/25/2015 14:00,5,1,4
5/25/2015 15:00,2,0,2
5/25/2015 16:00,7,4,3
5/25/2015 17:00,2,1,1
5/25/2015 18:00,5,2,3
5/25/2015 19:00,5,1,4
5/25/2015 20:00,4,1,3
5/25/2015 21:00,2,0,2
5/25/2015 22:00,1,0,1
5/25/2015 23:00,0,0,0
5/26/2015 0:00,0,0,0
5/26/2015 1:00,0,0,0
5/26/2015 2:00,0,0,0
5/26/2015 3:00,0,0,0
5/26/2015 4:00,1,1,0
5/26/2015 5:00,3,2,1
5/26/2015 6:00,12,11,1
5/26/2015 7:00,15,15,0
5/26/2015 8:00,17,15,2
5/26/2015 9:00,4,4,0
5/26/2015 10:00,1,0,1
5/26/2015 11:00,8,4,4
5/26/2015 12:00,1,1,0
5/26/2015 13:00,3,3,0
5/26/2015 14:00,7,5,2
5/26/2015 15:00,24,18,6
5/26/2015 16:00,8,2,6
5/26/2015 17:00,11,0,11
5/26/2015 18:00,8,2,6
5/26/2015 19:00,7,1,6
5/26/2015 20:00,2,0,2
5/26/2015 21:00,0,0,0
5/26/2015 22:00,0,0,0
5/26/2015 23:00,1,1,0
5/27/2015 0:00,0,0,0
5/27/2015 1:00,0,0,0
5/27/2015 2:00,0,0,0
5/27/2015 3:00,0,0,0
5/27/2015 4:00,1,1,0
5/27/2015 5:00,1,1,0
5/27/2015 6:00,17,16,1
5/27/2015 7:00,17,16,1
5/27/2015 8:00,13,12,1
5/27/2015 9:00,6,5,1
5/27/2015 10:00,2,1,1
5/27/2015 11:00,2,1,1
5/27/2015 12:00,2,0,2
5/27/2015 13:00,3,2,1
5/27/2015 14:00,2,0,2
5/27/2015 15:00,8,5,3
5/27/2015 16:00,11,3,8
5/27/2015 17:00,13,5,8
5/27/2015 18:00,5,0,5
5/27/2015 19:00,2,1,1
5/27/2015 20:00,8,1,7
5/27/2015 21:00,2,2,0
5/27/2015 22:00,0,0,0
5/27/2015 23:00,0,0,0
5/28/2015 0:00,1,0,1
5/28/2015 1:00,0,0,0
5/28/2015 2:00,0,0,0
5/28/2015 3:00,0,0,0
5/28/2015 4:00,1,1,0
5/28/2015 5:00,4,4,0
5/28/2015 6:00,13,11,2
5/28/2015 7:00,22,21,1
5/28/2015 8:00,16,14,2
5/28/2015 9:00,4,3,1
5/28/2015 10:00,3,2,1
5/28/2015 11:00,2,1,1
5/28/2015 12:00,5,3,2
5/28/2015 13:00,3,3,0
5/28/2015 14:00,4,4,0
5/28/2015 15:00,5,5,0
5/28/2015 16:00,7,5,2
5/28/2015 17:00,10,7,3
5/28/2015 18:00,2,2,0
5/28/2015 19:00,6,6,0
5/28/2015 20:00,8,5,3
5/28/2015 21:00,1,1,0
5/28/2015 22:00,1,0,1
5/28/2015 23:00,0,0,0
5/29/2015 0:00,0,0,0
5/29/2015 1:00,0,0,0
5/29/2015 2:00,1,1,0
5/29/2015 3:00,1,1,0
5/29/2015 4:00,1,1,0
5/29/2015 5:00,2,2,0
5/29/2015 6:00,14,14,0
5/29/2015 7:00,11,11,0
5/29/2015 8:00,11,11,0
5/29/2015 9:00,10,8,2
5/29/2015 10:00,1,1,0
5/29/2015 11:00,5,3,2
5/29/2015 12:00,0,0,0
5/29/2015 13:00,5,3,2
5/29/2015 14:00,6,3,3
5/29/2015 15:00,10,5,5
5/29/2015 16:00,10,4,6
5/29/2015 17:00,12,3,9
5/29/2015 18:00,8,2,6
5/29/2015 19:00,11,1,10
5/29/2015 20:00,0,0,0
5/29/2015 21:00,3,1,2
5/29/2015 22:00,2,0,2
5/29/2015 23:00,4,3,1
5/30/2015 0:00,0,0,0
5/30/2015 1:00,0,0,0
5/30/2015 2:00,0,0,0
5/30/2015 3:00,0,0,0
5/30/2015 4:00,0,0,0
5/30/2015 5:00,1,1,0
5/30/2015 6:00,1,1,0
5/30/2015 7:00,2,2,0
5/30/2015 8:00,1,1,0
5/30/2015 9:00,4,2,2
5/30/2015 10:00,3,2,1
5/30/2015 11:00,8,6,2
5/30/2015 12:00,2,1,1
5/30/2015 13:00,1,0,1
5/30/2015 14:00,5,5,0
5/30/2015 15:00,3,2,1
5/30/2015 16:00,7,4,3
5/30/2015 17:00,0,0,0
5/30/2015 18:00,2,1,1
5/30/2015 19:00,2,1,1
5/30/2015 20:00,6,4,2
5/30/2015 21:00,5,3,2
5/30/2015 22:00,0,0,0
5/30/2015 23:00,0,0,0
5/31/2015 0:00,0,0,0
5/31/2015 1:00,1,0,1
5/31/2015 2:00,0,0,0
5/31/2015 3:00,0,0,0
5/31/2015 4:00,0,0,0
5/31/2015 5:00,0,0,0
5/31/2015 6:00,1,0,1
5/31/2015 7:00,4,3,1
5/31/2015 8:00,3,3,0
5/31/2015 9:00,5,3,2
5/31/2015 10:00,5,4,1
5/31/2015 11:00,7,4,3
5/31/2015 12:00,3,3,0
5/31/2015 13:00,12,8,4
5/31/2015 14:00,1,0,1
5/31/2015 15:00,6,4,2
5/31/2015 16:00,1,1,0
5/31/2015 17:00,0,0,0
5/31/2015 18:00,3,2,1
5/31/2015 19:00,3,3,0
5/31/2015 20:00,3,2,1
5/31/2015 21:00,0,0,0
5/31/2015 22:00,0,0,0
5/31/2015 23:00,0,0,0
6/1/2015 0:00,0,0,0
6/1/2015 1:00,0,0,0
6/1/2015 2:00,0,0,0
6/1/2015 3:00,0,0,0
6/1/2015 4:00,1,1,0
6/1/2015 5:00,1,1,0
6/1/2015 6:00,8,8,0
6/1/2015 7:00,15,15,0
6/1/2015 8:00,13,10,3
6/1/2015 9:00,4,4,0
6/1/2015 10:00,1,0,1
6/1/2015 11:00,0,0,0
6/1/2015 12:00,1,1,0
6/1/2015 13:00,1,1,0
6/1/2015 14:00,1,1,0
6/1/2015 15:00,2,1,1
6/1/2015 16:00,4,3,1
6/1/2015 17:00,4,1,3
6/1/2015 18:00,4,1,3
6/1/2015 19:00,1,1,0
6/1/2015 20:00,1,1,0
6/1/2015 21:00,1,0,1
6/1/2015 22:00,0,0,0
6/1/2015 23:00,0,0,0
6/2/2015 0:00,0,0,0
6/2/2015 1:00,0,0,0
6/2/2015 2:00,0,0,0
6/2/2015 3:00,0,0,0
6/2/2015 4:00,0,0,0
6/2/2015 5:00,2,2,0
6/2/2015 6:00,13,13,0
6/2/2015 7:00,11,11,0
6/2/2015 8:00,4,4,0
6/2/2015 9:00,3,3,0
6/2/2015 10:00,3,3,0
6/2/2015 11:00,1,0,1
6/2/2015 12:00,1,1,0
6/2/2015 13:00,1,1,0
6/2/2015 14:00,4,1,3
6/2/2015 15:00,2,1,1
6/2/2015 16:00,1,0,1
6/2/2015 17:00,2,0,2
6/2/2015 18:00,3,3,0
6/2/2015 19:00,2,0,2
6/2/2015 20:00,4,2,2
6/2/2015 21:00,0,0,0
6/2/2015 22:00,0,0,0
6/2/2015 23:00,0,0,0
6/3/2015 0:00,0,0,0
6/3/2015 1:00,0,0,0
6/3/2015 2:00,0,0,0
6/3/2015 3:00,0,0,0
6/3/2015 4:00,0,0,0
6/3/2015 5:00,1,1,0
6/3/2015 6:00,12,12,0
6/3/2015 7:00,11,10,1
6/3/2015 8:00,9,7,2
6/3/2015 9:00,3,3,0
6/3/2015 10:00,1,1,0
6/3/2015 11:00,1,1,0
6/3/2015 12:00,4,4,0
6/3/2015 13:00,1,0,1
6/3/2015 14:00,7,6,1
6/3/2015 15:00,5,4,1
6/3/2015 16:00,3,2,1
6/3/2015 17:00,14,5,9
6/3/2015 18:00,9,2,7
6/3/2015 19:00,7,1,6
6/3/2015 20:00,3,1,2
6/3/2015 21:00,0,0,0
6/3/2015 22:00,0,0,0
6/3/2015 23:00,1,0,1
6/4/2015 0:00,0,0,0
6/4/2015 1:00,0,0,0
6/4/2015 2:00,0,0,0
6/4/2015 3:00,0,0,0
6/4/2015 4:00,3,3,0
6/4/2015 5:00,3,3,0
6/4/2015 6:00,14,14,0
6/4/2015 7:00,15,15,0
6/4/2015 8:00,13,12,1
6/4/2015 9:00,6,6,0
6/4/2015 10:00,0,0,0
6/4/2015 11:00,0,0,0
6/4/2015 12:00,0,0,0
6/4/2015 13:00,2,2,0
6/4/2015 14:00,3,3,0
6/4/2015 15:00,1,1,0
6/4/2015 16:00,6,3,3
6/4/2015 17:00,8,4,4
6/4/2015 18:00,6,2,4
6/4/2015 19:00,3,2,1
6/4/2015 20:00,1,1,0
6/4/2015 21:00,0,0,0
6/4/2015 22:00,0,0,0
6/4/2015 23:00,0,0,0
6/5/2015 0:00,0,0,0
6/5/2015 1:00,0,0,0
6/5/2015 2:00,0,0,0
6/5/2015 3:00,0,0,0
6/5/2015 4:00,2,2,0
6/5/2015 5:00,0,0,0
6/5/2015 6:00,14,14,0
6/5/2015 7:00,12,12,0
6/5/2015 8:00,12,12,0
6/5/2015 9:00,4,4,0
6/5/2015 10:00,1,1,0
6/5/2015 11:00,1,1,0
6/5/2015 12:00,0,0,0
6/5/2015 13:00,1,1,0
6/5/2015 14:00,0,0,0
6/5/2015 15:00,2,2,0
6/5/2015 16:00,8,8,0
6/5/2015 17:00,6,5,1
6/5/2015 18:00,1,1,0
6/5/2015 19:00,6,5,1
6/5/2015 20:00,2,2,0
6/5/2015 21:00,1,0,1
6/5/2015 22:00,2,0,2
6/5/2015 23:00,1,1,0
6/6/2015 0:00,0,0,0
6/6/2015 1:00,0,0,0
6/6/2015 2:00,0,0,0
6/6/2015 3:00,0,0,0
6/6/2015 4:00,0,0,0
6/6/2015 5:00,0,0,0
6/6/2015 6:00,3,3,0
6/6/2015 7:00,1,1,0
6/6/2015 8:00,9,9,0
6/6/2015 9:00,3,3,0
6/6/2015 10:00,2,2,0
6/6/2015 11:00,9,7,2
6/6/2015 12:00,1,1,0
6/6/2015 13:00,4,4,0
6/6/2015 14:00,2,2,0
6/6/2015 15:00,2,2,0
6/6/2015 16:00,2,2,0
6/6/2015 17:00,0,0,0
6/6/2015 18:00,5,5,0
6/6/2015 19:00,1,1,0
6/6/2015 20:00,2,0,2
6/6/2015 21:00,5,4,1
6/6/2015 22:00,3,2,1
6/6/2015 23:00,0,0,0
6/7/2015 0:00,0,0,0
6/7/2015 1:00,0,0,0
6/7/2015 2:00,0,0,0
6/7/2015 3:00,0,0,0
6/7/2015 4:00,0,0,0
6/7/2015 5:00,0,0,0
6/7/2015 6:00,0,0,0
6/7/2015 7:00,3,3,0
6/7/2015 8:00,1,1,0
6/7/2015 9:00,6,6,0
6/7/2015 10:00,5,5,0
6/7/2015 11:00,3,3,0
6/7/2015 12:00,10,10,0
6/7/2015 13:00,2,2,0
6/7/2015 14:00,4,4,0
6/7/2015 15:00,5,3,2
6/7/2015 16:00,5,2,3
6/7/2015 17:00,1,1,0
6/7/2015 18:00,5,2,3
6/7/2015 19:00,2,1,1
6/7/2015 20:00,1,0,1
6/7/2015 21:00,1,1,0
6/7/2015 22:00,2,0,2
6/7/2015 23:00,0,0,0
6/8/2015 0:00,0,0,0
6/8/2015 1:00,0,0,0
6/8/2015 2:00,0,0,0
6/8/2015 3:00,0,0,0
6/8/2015 4:00,2,2,0
6/8/2015 5:00,1,1,0
6/8/2015 6:00,9,9,0
6/8/2015 7:00,17,16,1
6/8/2015 8:00,12,12,0
6/8/2015 9:00,4,4,0
6/8/2015 10:00,1,1,0
6/8/2015 11:00,0,0,0
6/8/2015 12:00,2,2,0
6/8/2015 13:00,1,1,0
6/8/2015 14:00,0,0,0
6/8/2015 15:00,4,4,0
6/8/2015 16:00,4,3,1
6/8/2015 17:00,5,3,2
6/8/2015 18:00,4,3,1
6/8/2015 19:00,2,2,0
6/8/2015 20:00,1,1,0
6/8/2015 21:00,3,2,1
6/8/2015 22:00,0,0,0
6/8/2015 23:00,0,0,0
6/9/2015 0:00,0,0,0
6/9/2015 1:00,0,0,0
6/9/2015 2:00,0,0,0
6/9/2015 3:00,0,0,0
6/9/2015 4:00,0,0,0
6/9/2015 5:00,4,4,0
6/9/2015 6:00,15,14,1
6/9/2015 7:00,21,21,0
6/9/2015 8:00,9,9,0
6/9/2015 9:00,1,1,0
6/9/2015 10:00,1,1,0
6/9/2015 11:00,0,0,0
6/9/2015 12:00,2,2,0
6/9/2015 13:00,3,3,0
6/9/2015 14:00,3,3,0
6/9/2015 15:00,0,0,0
6/9/2015 16:00,5,3,2
6/9/2015 17:00,7,3,4
6/9/2015 18:00,1,1,0
6/9/2015 19:00,0,0,0
6/9/2015 20:00,4,3,1
6/9/2015 21:00,1,1,0
6/9/2015 22:00,0,0,0
6/9/2015 23:00,0,0,0
6/10/2015 0:00,0,0,0
6/10/2015 1:00,0,0,0
6/10/2015 2:00,0,0,0
6/10/2015 3:00,0,0,0
6/10/2015 4:00,2,2,0
6/10/2015 5:00,2,2,0
6/10/2015 6:00,15,15,0
6/10/2015 7:00,20,20,0
6/10/2015 8:00,10,10,0
6/10/2015 9:00,5,5,0
6/10/2015 10:00,2,2,0
6/10/2015 11:00,2,2,0
6/10/2015 12:00,2,2,0
6/10/2015 13:00,4,4,0
6/10/2015 14:00,2,2,0
6/10/2015 15:00,1,1,0
6/10/2015 16:00,5,5,0
6/10/2015 17:00,2,2,0
6/10/2015 18:00,3,3,0
6/10/2015 19:00,7,4,3
6/10/2015 20:00,3,1,2
6/10/2015 21:00,2,2,0
6/10/2015 22:00,1,1,0
6/10/2015 23:00,0,0,0
6/11/2015 0:00,0,0,0
6/11/2015 1:00,0,0,0
6/11/2015 2:00,0,0,0
6/11/2015 3:00,0,0,0
6/11/2015 4:00,3,3,0
6/11/2015 5:00,2,2,0
6/11/2015 6:00,12,12,0
6/11/2015 7:00,24,24,0
6/11/2015 8:00,13,13,0
6/11/2015 9:00,4,4,0
6/11/2015 10:00,2,2,0
6/11/2015 11:00,2,2,0
6/11/2015 12:00,0,0,0
6/11/2015 13:00,3,3,0
6/11/2015 14:00,0,0,0
6/11/2015 15:00,3,3,0
6/11/2015 16:00,7,4,3
6/11/2015 17:00,3,0,3
6/11/2015 18:00,6,4,2
6/11/2015 19:00,0,0,0
6/11/2015 20:00,3,0,3
6/11/2015 21:00,4,2,2
6/11/2015 22:00,0,0,0
6/11/2015 23:00,0,0,0
6/12/2015 0:00,0,0,0
6/12/2015 1:00,0,0,0
6/12/2015 2:00,0,0,0
6/12/2015 3:00,0,0,0
6/12/2015 4:00,0,0,0
6/12/2015 5:00,2,2,0
6/12/2015 6:00,13,13,0
6/12/2015 7:00,11,11,0
6/12/2015 8:00,6,6,0
6/12/2015 9:00,3,3,0
6/12/2015 10:00,2,2,0
6/12/2015 11:00,2,1,1
6/12/2015 12:00,0,0,0
6/12/2015 13:00,0,0,0
6/12/2015 14:00,2,2,0
6/12/2015 15:00,1,1,0
6/12/2015 16:00,2,2,0
6/12/2015 17:00,0,0,0
6/12/2015 18:00,1,0,1
6/12/2015 19:00,4,3,1
6/12/2015 20:00,5,3,2
6/12/2015 21:00,0,0,0
6/12/2015 22:00,0,0,0
6/12/2015 23:00,0,0,0
6/13/2015 0:00,0,0,0
6/13/2015 1:00,0,0,0
6/13/2015 2:00,0,0,0
6/13/2015 3:00,0,0,0
6/13/2015 4:00,0,0,0
6/13/2015 5:00,0,0,0
6/13/2015 6:00,1,1,0
6/13/2015 7:00,2,2,0
6/13/2015 8:00,6,6,0
6/13/2015 9:00,4,4,0
6/13/2015 10:00,4,4,0
6/13/2015 11:00,8,7,1
6/13/2015 12:00,5,5,0
6/13/2015 13:00,9,7,2
6/13/2015 14:00,7,7,0
6/13/2015 15:00,3,3,0
6/13/2015 16:00,11,11,0
6/13/2015 17:00,2,2,0
6/13/2015 18:00,0,0,0
6/13/2015 19:00,5,4,1
6/13/2015 20:00,4,3,1
6/13/2015 21:00,1,1,0
6/13/2015 22:00,0,0,0
6/13/2015 23:00,0,0,0
6/14/2015 0:00,1,0,1
6/14/2015 1:00,0,0,0
6/14/2015 2:00,0,0,0
6/14/2015 3:00,0,0,0
6/14/2015 4:00,0,0,0
6/14/2015 5:00,0,0,0
6/14/2015 6:00,1,1,0
6/14/2015 7:00,7,7,0
6/14/2015 8:00,2,2,0
6/14/2015 9:00,2,2,0
6/14/2015 10:00,1,1,0
6/14/2015 11:00,4,4,0
6/14/2015 12:00,4,4,0
6/14/2015 13:00,5,5,0
6/14/2015 14:00,1,1,0
6/14/2015 15:00,4,4,0
6/14/2015 16:00,2,2,0
6/14/2015 17:00,8,0,8
6/14/2015 18:00,4,2,2
6/14/2015 19:00,1,0,1
6/14/2015 20:00,3,3,0
6/14/2015 21:00,1,0,1
6/14/2015 22:00,4,2,2
6/14/2015 23:00,0,0,0
6/15/2015 0:00,0,0,0
6/15/2015 1:00,0,0,0
6/15/2015 2:00,0,0,0
6/15/2015 3:00,0,0,0
6/15/2015 4:00,1,1,0
6/15/2015 5:00,2,2,0
6/15/2015 6:00,13,13,0
6/15/2015 7:00,13,12,1
6/15/2015 8:00,15,15,0
6/15/2015 9:00,5,4,1
6/15/2015 10:00,7,7,0
6/15/2015 11:00,3,2,1
6/15/2015 12:00,0,0,0
6/15/2015 13:00,1,1,0
6/15/2015 14:00,0,0,0
6/15/2015 15:00,4,2,2
6/15/2015 16:00,2,1,1
6/15/2015 17:00,4,1,3
6/15/2015 18:00,13,2,11
6/15/2015 19:00,5,0,5
6/15/2015 20:00,4,1,3
6/15/2015 21:00,7,2,5
6/15/2015 22:00,1,0,1
6/15/2015 23:00,0,0,0
6/16/2015 0:00,1,0,1
6/16/2015 1:00,0,0,0
6/16/2015 2:00,0,0,0
6/16/2015 3:00,0,0,0
6/16/2015 4:00,1,1,0
6/16/2015 5:00,2,2,0
6/16/2015 6:00,13,13,0
6/16/2015 7:00,20,20,0
6/16/2015 8:00,11,11,0
6/16/2015 9:00,6,5,1
6/16/2015 10:00,2,1,1
6/16/2015 11:00,2,2,0
6/16/2015 12:00,5,2,3
6/16/2015 13:00,1,1,0
6/16/2015 14:00,4,1,3
6/16/2015 15:00,1,0,1
6/16/2015 16:00,5,3,2
6/16/2015 17:00,15,4,11
6/16/2015 18:00,12,1,11
6/16/2015 19:00,8,2,6
6/16/2015 20:00,1,0,1
6/16/2015 21:00,0,0,0
6/16/2015 22:00,1,1,0
6/16/2015 23:00,0,0,0
6/17/2015 0:00,0,0,0
6/17/2015 1:00,0,0,0
6/17/2015 2:00,0,0,0
6/17/2015 3:00,0,0,0
6/17/2015 4:00,1,1,0
6/17/2015 5:00,1,1,0
6/17/2015 6:00,9,9,0
6/17/2015 7:00,18,18,0
6/17/2015 8:00,9,9,0
6/17/2015 9:00,3,3,0
6/17/2015 10:00,3,2,1
6/17/2015 11:00,2,2,0
6/17/2015 12:00,3,3,0
6/17/2015 13:00,7,7,0
6/17/2015 14:00,8,3,5
6/17/2015 15:00,1,1,0
6/17/2015 16:00,11,9,2
6/17/2015 17:00,3,2,1
6/17/2015 18:00,1,1,0
6/17/2015 19:00,2,1,1
6/17/2015 20:00,0,0,0
6/17/2015 21:00,4,2,2
6/17/2015 22:00,0,0,0
6/17/2015 23:00,0,0,0
6/18/2015 0:00,0,0,0
6/18/2015 1:00,0,0,0
6/18/2015 2:00,0,0,0
6/18/2015 3:00,0,0,0
6/18/2015 4:00,1,1,0
6/18/2015 5:00,2,2,0
6/18/2015 6:00,9,9,0
6/18/2015 7:00,17,17,0
6/18/2015 8:00,11,11,0
6/18/2015 9:00,3,3,0
6/18/2015 10:00,4,4,0
6/18/2015 11:00,4,4,0
6/18/2015 12:00,0,0,0
6/18/2015 13:00,2,2,0
6/18/2015 14:00,0,0,0
6/18/2015 15:00,3,3,0
6/18/2015 16:00,4,3,1
6/18/2015 17:00,1,0,1
6/18/2015 18:00,2,0,2
6/18/2015 19:00,0,0,0
6/18/2015 20:00,2,2,0
6/18/2015 21:00,1,1,0
6/18/2015 22:00,0,0,0
6/18/2015 23:00,1,0,1
6/19/2015 0:00,0,0,0
6/19/2015 1:00,0,0,0
6/19/2015 2:00,0,0,0
6/19/2015 3:00,0,0,0
6/19/2015 4:00,0,0,0
6/19/2015 5:00,1,1,0
6/19/2015 6:00,7,6,1
6/19/2015 7:00,12,12,0
6/19/2015 8:00,9,9,0
6/19/2015 9:00,5,5,0
6/19/2015 10:00,0,0,0
6/19/2015 11:00,0,0,0
6/19/2015 12:00,4,4,0
6/19/2015 13:00,1,1,0
6/19/2015 14:00,2,2,0
6/19/2015 15:00,2,2,0
6/19/2015 16:00,2,2,0
6/19/2015 17:00,2,2,0
6/19/2015 18:00,0,0,0
6/19/2015 19:00,2,2,0
6/19/2015 20:00,0,0,0
6/19/2015 21:00,1,1,0
6/19/2015 22:00,0,0,0
6/19/2015 23:00,1,1,0
6/20/2015 0:00,0,0,0
6/20/2015 1:00,0,0,0
6/20/2015 2:00,0,0,0
6/20/2015 3:00,0,0,0
6/20/2015 4:00,0,0,0
6/20/2015 5:00,2,2,0
6/20/2015 6:00,3,3,0
6/20/2015 7:00,5,5,0
6/20/2015 8:00,0,0,0
6/20/2015 9:00,1,1,0
6/20/2015 10:00,5,5,0
6/20/2015 11:00,3,1,2
6/20/2015 12:00,3,3,0
6/20/2015 13:00,8,7,1
6/20/2015 14:00,0,0,0
6/20/2015 15:00,7,7,0
6/20/2015 16:00,3,3,0
6/20/2015 17:00,4,2,2
6/20/2015 18:00,2,1,1
6/20/2015 19:00,3,3,0
6/20/2015 20:00,5,4,1
6/20/2015 21:00,1,1,0
6/20/2015 22:00,0,0,0
6/20/2015 23:00,0,0,0
6/21/2015 0:00,0,0,0
6/21/2015 1:00,0,0,0
6/21/2015 2:00,0,0,0
6/21/2015 3:00,0,0,0
6/21/2015 4:00,0,0,0
6/21/2015 5:00,0,0,0
6/21/2015 6:00,1,1,0
6/21/2015 7:00,0,0,0
6/21/2015 8:00,3,3,0
6/21/2015 9:00,1,1,0
6/21/2015 10:00,7,7,0
6/21/2015 11:00,3,3,0
6/21/2015 12:00,4,2,2
6/21/2015 13:00,2,2,0
6/21/2015 14:00,4,4,0
6/21/2015 15:00,2,2,0
6/21/2015 16:00,3,3,0
6/21/2015 17:00,2,2,0
6/21/2015 18:00,5,5,0
6/21/2015 19:00,2,2,0
6/21/2015 20:00,2,0,2
6/21/2015 21:00,0,0,0
6/21/2015 22:00,0,0,0
6/21/2015 23:00,2,2,0
6/22/2015 0:00,1,0,1
6/22/2015 1:00,0,0,0
6/22/2015 2:00,0,0,0
6/22/2015 3:00,0,0,0
6/22/2015 4:00,1,1,0
6/22/2015 5:00,1,1,0
6/22/2015 6:00,3,3,0
6/22/2015 7:00,13,13,0
6/22/2015 8:00,9,9,0
6/22/2015 9:00,2,2,0
6/22/2015 10:00,3,3,0
6/22/2015 11:00,1,1,0
6/22/2015 12:00,0,0,0
6/22/2015 13:00,4,4,0
6/22/2015 14:00,2,2,0
6/22/2015 15:00,3,3,0
6/22/2015 16:00,2,2,0
6/22/2015 17:00,5,4,1
6/22/2015 18:00,2,2,0
6/22/2015 19:00,3,3,0
6/22/2015 20:00,4,4,0
6/22/2015 21:00,1,1,0
6/22/2015 22:00,0,0,0
6/22/2015 23:00,0,0,0
6/23/2015 0:00,0,0,0
6/23/2015 1:00,0,0,0
6/23/2015 2:00,0,0,0
6/23/2015 3:00,0,0,0
6/23/2015 4:00,0,0,0
6/23/2015 5:00,2,2,0
6/23/2015 6:00,11,11,0
6/23/2015 7:00,10,10,0
6/23/2015 8:00,9,9,0
6/23/2015 9:00,5,5,0
6/23/2015 10:00,4,4,0
6/23/2015 11:00,4,4,0
6/23/2015 12:00,2,2,0
6/23/2015 13:00,3,1,2
6/23/2015 14:00,2,2,0
6/23/2015 15:00,0,0,0
6/23/2015 16:00,2,2,0
6/23/2015 17:00,3,3,0
6/23/2015 18:00,3,3,0
6/23/2015 19:00,2,1,1
6/23/2015 20:00,0,0,0
6/23/2015 21:00,0,0,0
6/23/2015 22:00,0,0,0
6/23/2015 23:00,0,0,0
6/24/2015 0:00,0,0,0
6/24/2015 1:00,0,0,0
6/24/2015 2:00,0,0,0
6/24/2015 3:00,0,0,0
6/24/2015 4:00,1,1,0
6/24/2015 5:00,2,2,0
6/24/2015 6:00,10,10,0
6/24/2015 7:00,21,21,0
6/24/2015 8:00,13,13,0
6/24/2015 9:00,6,6,0
6/24/2015 10:00,3,3,0
6/24/2015 11:00,1,1,0
6/24/2015 12:00,2,2,0
6/24/2015 13:00,2,2,0
6/24/2015 14:00,0,0,0
6/24/2015 15:00,2,1,1
6/24/2015 16:00,2,2,0
6/24/2015 17:00,3,2,1
6/24/2015 18:00,2,1,1
6/24/2015 19:00,0,0,0
6/24/2015 20:00,0,0,0
6/24/2015 21:00,1,1,0
6/24/2015 22:00,0,0,0
6/24/2015 23:00,1,0,1
6/25/2015 0:00,0,0,0
6/25/2015 1:00,0,0,0
6/25/2015 2:00,0,0,0
6/25/2015 3:00,0,0,0
6/25/2015 4:00,2,2,0
6/25/2015 5:00,3,3,0
6/25/2015 6:00,11,11,0
6/25/2015 7:00,10,9,1
6/25/2015 8:00,7,7,0
6/25/2015 9:00,2,2,0
6/25/2015 10:00,6,5,1
6/25/2015 11:00,4,4,0
6/25/2015 12:00,1,1,0
6/25/2015 13:00,2,2,0
6/25/2015 14:00,2,0,2
6/25/2015 15:00,4,0,4
6/25/2015 16:00,3,2,1
6/25/2015 17:00,5,5,0
6/25/2015 18:00,1,1,0
6/25/2015 19:00,1,1,0
6/25/2015 20:00,0,0,0
6/25/2015 21:00,1,0,1
6/25/2015 22:00,0,0,0
6/25/2015 23:00,0,0,0
6/26/2015 0:00,0,0,0
6/26/2015 1:00,0,0,0
6/26/2015 2:00,0,0,0
6/26/2015 3:00,0,0,0
6/26/2015 4:00,1,1,0
6/26/2015 5:00,2,2,0
6/26/2015 6:00,7,7,0
6/26/2015 7:00,12,12,0
6/26/2015 8:00,9,9,0
6/26/2015 9:00,1,1,0
6/26/2015 10:00,2,2,0
6/26/2015 11:00,3,3,0
6/26/2015 12:00,2,1,1
6/26/2015 13:00,1,0,1
6/26/2015 14:00,1,1,0
6/26/2015 15:00,1,1,0
6/26/2015 16:00,10,1,9
6/26/2015 17:00,8,0,8
6/26/2015 18:00,4,1,3
6/26/2015 19:00,11,2,9
6/26/2015 20:00,2,0,2
6/26/2015 21:00,1,0,1
6/26/2015 22:00,0,0,0
6/26/2015 23:00,1,0,1
6/27/2015 0:00,0,0,0
6/27/2015 1:00,0,0,0
6/27/2015 2:00,3,2,1
6/27/2015 3:00,0,0,0
6/27/2015 4:00,0,0,0
6/27/2015 5:00,2,2,0
6/27/2015 6:00,2,2,0
6/27/2015 7:00,0,0,0
6/27/2015 8:00,3,2,1
6/27/2015 9:00,0,0,0
6/27/2015 10:00,9,8,1
6/27/2015 11:00,2,1,1
6/27/2015 12:00,8,4,4
6/27/2015 13:00,8,7,1
6/27/2015 14:00,2,2,0
6/27/2015 15:00,0,0,0
6/27/2015 16:00,5,1,4
6/27/2015 17:00,2,2,0
6/27/2015 18:00,2,0,2
6/27/2015 19:00,5,1,4
6/27/2015 20:00,3,1,2
6/27/2015 21:00,4,0,4
6/27/2015 22:00,0,0,0
6/27/2015 23:00,1,0,1
6/28/2015 0:00,2,0,2
6/28/2015 1:00,0,0,0
6/28/2015 2:00,0,0,0
6/28/2015 3:00,0,0,0
6/28/2015 4:00,1,0,1
6/28/2015 5:00,0,0,0
6/28/2015 6:00,0,0,0
6/28/2015 7:00,5,3,2
6/28/2015 8:00,6,4,2
6/28/2015 9:00,1,1,0
6/28/2015 10:00,5,2,3
6/28/2015 11:00,2,2,0
6/28/2015 12:00,3,3,0
6/28/2015 13:00,6,4,2
6/28/2015 14:00,4,4,0
6/28/2015 15:00,1,0,1
6/28/2015 16:00,7,3,4
6/28/2015 17:00,1,0,1
6/28/2015 18:00,6,0,6
6/28/2015 19:00,4,3,1
6/28/2015 20:00,3,0,3
6/28/2015 21:00,0,0,0
6/28/2015 22:00,1,0,1
6/28/2015 23:00,0,0,0
6/29/2015 0:00,0,0,0
6/29/2015 1:00,0,0,0
6/29/2015 2:00,0,0,0
6/29/2015 3:00,0,0,0
6/29/2015 4:00,1,1,0
6/29/2015 5:00,1,1,0
6/29/2015 6:00,4,4,0
6/29/2015 7:00,18,18,0
6/29/2015 8:00,11,11,0
6/29/2015 9:00,6,5,1
6/29/2015 10:00,5,3,2
6/29/2015 11:00,2,0,2
6/29/2015 12:00,7,4,3
6/29/2015 13:00,2,1,1
6/29/2015 14:00,8,4,4
6/29/2015 15:00,9,5,4
6/29/2015 16:00,15,6,9
6/29/2015 17:00,19,3,16
6/29/2015 18:00,33,12,21
6/29/2015 19:00,10,1,9
6/29/2015 20:00,8,0,8
6/29/2015 21:00,7,2,5
6/29/2015 22:00,2,0,2
6/29/2015 23:00,3,2,1
6/30/2015 0:00,0,0,0
6/30/2015 1:00,0,0,0
6/30/2015 2:00,0,0,0
6/30/2015 3:00,0,0,0
6/30/2015 4:00,0,0,0
6/30/2015 5:00,0,0,0
6/30/2015 6:00,8,8,0
6/30/2015 7:00,12,12,0
6/30/2015 8:00,14,13,1
6/30/2015 9:00,3,2,1
6/30/2015 10:00,4,2,2
6/30/2015 11:00,2,2,0
6/30/2015 12:00,4,2,2
6/30/2015 13:00,3,2,1
6/30/2015 14:00,6,4,2
6/30/2015 15:00,10,7,3
6/30/2015 16:00,10,3,7
6/30/2015 17:00,18,5,13
6/30/2015 18:00,15,2,13
6/30/2015 19:00,4,1,3
6/30/2015 20:00,7,3,4
6/30/2015 21:00,5,1,4
6/30/2015 22:00,1,0,1
6/30/2015 23:00,0,0,0
7/1/2015 0:00,2,2,0
7/1/2015 1:00,0,0,0
7/1/2015 2:00,0,0,0
7/1/2015 3:00,0,0,0
7/1/2015 4:00,1,1,0
7/1/2015 5:00,3,2,1
7/1/2015 6:00,9,7,2
7/1/2015 7:00,17,16,1
7/1/2015 8:00,15,14,1
7/1/2015 9:00,6,4,2
7/1/2015 10:00,1,1,0
7/1/2015 11:00,1,1,0
7/1/2015 12:00,3,0,3
7/1/2015 13:00,5,1,4
7/1/2015 14:00,2,1,1
7/1/2015 15:00,4,1,3
7/1/2015 16:00,9,3,6
7/1/2015 17:00,16,4,12
7/1/2015 18:00,17,4,13
7/1/2015 19:00,9,3,6
7/1/2015 20:00,9,1,8
7/1/2015 21:00,6,1,5
7/1/2015 22:00,3,1,2
7/1/2015 23:00,1,0,1
7/2/2015 0:00,0,0,0
7/2/2015 1:00,0,0,0
7/2/2015 2:00,0,0,0
7/2/2015 3:00,0,0,0
7/2/2015 4:00,1,1,0
7/2/2015 5:00,2,2,0
7/2/2015 6:00,6,6,0
7/2/2015 7:00,15,15,0
7/2/2015 8:00,6,6,0
7/2/2015 9:00,6,4,2
7/2/2015 10:00,2,2,0
7/2/2015 11:00,5,4,1
7/2/2015 12:00,3,1,2
7/2/2015 13:00,1,0,1
7/2/2015 14:00,1,1,0
7/2/2015 15:00,9,3,6
7/2/2015 16:00,12,2,10
7/2/2015 17:00,18,5,13
7/2/2015 18:00,10,1,9
7/2/2015 19:00,10,4,6
7/2/2015 20:00,3,0,3
7/2/2015 21:00,3,2,1
7/2/2015 22:00,0,0,0
7/2/2015 23:00,0,0,0
7/3/2015 0:00,0,0,0
7/3/2015 1:00,1,0,1
7/3/2015 2:00,0,0,0
7/3/2015 3:00,0,0,0
7/3/2015 4:00,2,2,0
7/3/2015 5:00,1,1,0
7/3/2015 6:00,4,2,2
7/3/2015 7:00,5,5,0
7/3/2015 8:00,9,7,2
7/3/2015 9:00,5,3,2
7/3/2015 10:00,4,3,1
7/3/2015 11:00,4,3,1
7/3/2015 12:00,6,4,2
7/3/2015 13:00,5,3,2
7/3/2015 14:00,7,2,5
7/3/2015 15:00,4,2,2
7/3/2015 16:00,8,2,6
7/3/2015 17:00,3,1,2
7/3/2015 18:00,1,0,1
7/3/2015 19:00,5,1,4
7/3/2015 20:00,3,2,1
7/3/2015 21:00,11,0,11
7/3/2015 22:00,3,1,2
7/3/2015 23:00,1,0,1
7/4/2015 0:00,2,0,2
7/4/2015 1:00,0,0,0
7/4/2015 2:00,0,0,0
7/4/2015 3:00,0,0,0
7/4/2015 4:00,0,0,0
7/4/2015 5:00,0,0,0
7/4/2015 6:00,1,1,0
7/4/2015 7:00,3,3,0
7/4/2015 8:00,4,3,1
7/4/2015 9:00,5,3,2
7/4/2015 10:00,3,0,3
7/4/2015 11:00,2,1,1
7/4/2015 12:00,9,8,1
7/4/2015 13:00,4,2,2
7/4/2015 14:00,3,2,1
7/4/2015 15:00,4,0,4
7/4/2015 16:00,9,3,6
7/4/2015 17:00,4,1,3
7/4/2015 18:00,2,1,1
7/4/2015 19:00,2,1,1
7/4/2015 20:00,4,3,1
7/4/2015 21:00,4,0,4
7/4/2015 22:00,2,0,2
7/4/2015 23:00,2,1,1
7/5/2015 0:00,0,0,0
7/5/2015 1:00,0,0,0
7/5/2015 2:00,1,0,1
7/5/2015 3:00,0,0,0
7/5/2015 4:00,0,0,0
7/5/2015 5:00,0,0,0
7/5/2015 6:00,0,0,0
7/5/2015 7:00,1,1,0
7/5/2015 8:00,3,3,0
7/5/2015 9:00,1,1,0
7/5/2015 10:00,4,1,3
7/5/2015 11:00,2,0,2
7/5/2015 12:00,6,1,5
7/5/2015 13:00,10,7,3
7/5/2015 14:00,5,3,2
7/5/2015 15:00,7,2,5
7/5/2015 16:00,2,0,2
7/5/2015 17:00,1,1,0
7/5/2015 18:00,6,4,2
7/5/2015 19:00,4,2,2
7/5/2015 20:00,5,1,4
7/5/2015 21:00,1,0,1
7/5/2015 22:00,2,0,2
7/5/2015 23:00,0,0,0
7/6/2015 0:00,0,0,0
7/6/2015 1:00,0,0,0
7/6/2015 2:00,0,0,0
7/6/2015 3:00,0,0,0
7/6/2015 4:00,1,1,0
7/6/2015 5:00,0,0,0
7/6/2015 6:00,7,7,0
7/6/2015 7:00,14,13,1
7/6/2015 8:00,6,6,0
7/6/2015 9:00,3,2,1
7/6/2015 10:00,7,3,4
7/6/2015 11:00,1,1,0
7/6/2015 12:00,3,1,2
7/6/2015 13:00,3,1,2
7/6/2015 14:00,1,0,1
7/6/2015 15:00,6,2,4
7/6/2015 16:00,9,3,6
7/6/2015 17:00,10,2,8
7/6/2015 18:00,14,4,10
7/6/2015 19:00,3,0,3
7/6/2015 20:00,8,4,4
7/6/2015 21:00,1,1,0
7/6/2015 22:00,3,0,3
7/6/2015 23:00,0,0,0
7/7/2015 0:00,1,0,1
7/7/2015 1:00,2,0,2
7/7/2015 2:00,1,1,0
7/7/2015 3:00,0,0,0
7/7/2015 4:00,1,1,0
7/7/2015 5:00,4,4,0
7/7/2015 6:00,9,9,0
7/7/2015 7:00,16,14,2
7/7/2015 8:00,11,11,0
7/7/2015 9:00,4,3,1
7/7/2015 10:00,3,2,1
7/7/2015 11:00,6,1,5
7/7/2015 12:00,4,2,2
7/7/2015 13:00,3,1,2
7/7/2015 14:00,2,1,1
7/7/2015 15:00,6,2,4
7/7/2015 16:00,12,5,7
7/7/2015 17:00,17,3,14
7/7/2015 18:00,9,3,6
7/7/2015 19:00,12,6,6
7/7/2015 20:00,15,5,10
7/7/2015 21:00,2,0,2
7/7/2015 22:00,0,0,0
7/7/2015 23:00,1,0,1
7/8/2015 0:00,0,0,0
7/8/2015 1:00,1,0,1
7/8/2015 2:00,0,0,0
7/8/2015 3:00,0,0,0
7/8/2015 4:00,2,2,0
7/8/2015 5:00,0,0,0
7/8/2015 6:00,7,6,1
7/8/2015 7:00,17,17,0
7/8/2015 8:00,9,9,0
7/8/2015 9:00,5,4,1
7/8/2015 10:00,0,0,0
7/8/2015 11:00,3,2,1
7/8/2015 12:00,5,2,3
7/8/2015 13:00,4,1,3
7/8/2015 14:00,2,1,1
7/8/2015 15:00,5,0,5
7/8/2015 16:00,9,2,7
7/8/2015 17:00,6,0,6
7/8/2015 18:00,11,1,10
7/8/2015 19:00,10,3,7
7/8/2015 20:00,7,0,7
7/8/2015 21:00,3,0,3
7/8/2015 22:00,0,0,0
7/8/2015 23:00,0,0,0
7/9/2015 0:00,0,0,0
7/9/2015 1:00,0,0,0
7/9/2015 2:00,0,0,0
7/9/2015 3:00,0,0,0
7/9/2015 4:00,3,3,0
7/9/2015 5:00,0,0,0
7/9/2015 6:00,8,8,0
7/9/2015 7:00,10,10,0
7/9/2015 8:00,13,12,1
7/9/2015 9:00,1,0,1
7/9/2015 10:00,6,6,0
7/9/2015 11:00,3,0,3
7/9/2015 12:00,1,1,0
7/9/2015 13:00,7,2,5
7/9/2015 14:00,3,0,3
7/9/2015 15:00,3,1,2
7/9/2015 16:00,11,2,9
7/9/2015 17:00,10,1,9
7/9/2015 18:00,10,1,9
7/9/2015 19:00,6,2,4
7/9/2015 20:00,3,0,3
7/9/2015 21:00,5,1,4
7/9/2015 22:00,1,0,1
7/9/2015 23:00,0,0,0
7/10/2015 0:00,0,0,0
7/10/2015 1:00,1,1,0
7/10/2015 2:00,0,0,0
7/10/2015 3:00,0,0,0
7/10/2015 4:00,1,1,0
7/10/2015 5:00,2,2,0
7/10/2015 6:00,11,11,0
7/10/2015 7:00,8,7,1
7/10/2015 8:00,7,7,0
7/10/2015 9:00,2,2,0
7/10/2015 10:00,1,1,0
7/10/2015 11:00,2,1,1
7/10/2015 12:00,2,2,0
7/10/2015 13:00,0,0,0
7/10/2015 14:00,1,0,1
7/10/2015 15:00,4,0,4
7/10/2015 16:00,3,2,1
7/10/2015 17:00,11,3,8
7/10/2015 18:00,4,0,4
7/10/2015 19:00,4,0,4
7/10/2015 20:00,2,0,2
7/10/2015 21:00,3,0,3
7/10/2015 22:00,0,0,0
7/10/2015 23:00,1,0,1
7/11/2015 0:00,0,0,0
7/11/2015 1:00,1,0,1
7/11/2015 2:00,0,0,0
7/11/2015 3:00,0,0,0
7/11/2015 4:00,1,1,0
7/11/2015 5:00,2,2,0
7/11/2015 6:00,1,0,1
7/11/2015 7:00,3,3,0
7/11/2015 8:00,3,2,1
7/11/2015 9:00,4,2,2
7/11/2015 10:00,1,1,0
7/11/2015 11:00,6,3,3
7/11/2015 12:00,5,1,4
7/11/2015 13:00,5,0,5
7/11/2015 14:00,4,2,2
7/11/2015 15:00,1,0,1
7/11/2015 16:00,3,0,3
7/11/2015 17:00,4,1,3
7/11/2015 18:00,3,1,2
7/11/2015 19:00,0,0,0
7/11/2015 20:00,2,1,1
7/11/2015 21:00,1,0,1
7/11/2015 22:00,3,2,1
7/11/2015 23:00,2,1,1
7/12/2015 0:00,0,0,0
7/12/2015 1:00,0,0,0
7/12/2015 2:00,0,0,0
7/12/2015 3:00,1,0,1
7/12/2015 4:00,0,0,0
7/12/2015 5:00,0,0,0
7/12/2015 6:00,0,0,0
7/12/2015 7:00,2,2,0
7/12/2015 8:00,3,2,1
7/12/2015 9:00,2,2,0
7/12/2015 10:00,4,2,2
7/12/2015 11:00,7,3,4
7/12/2015 12:00,6,5,1
7/12/2015 13:00,1,0,1
7/12/2015 14:00,7,5,2
7/12/2015 15:00,5,4,1
7/12/2015 16:00,5,3,2
7/12/2015 17:00,9,4,5
7/12/2015 18:00,1,1,0
7/12/2015 19:00,4,2,2
7/12/2015 20:00,5,3,2
7/12/2015 21:00,2,1,1
7/12/2015 22:00,0,0,0
7/12/2015 23:00,0,0,0
7/13/2015 0:00,0,0,0
7/13/2015 1:00,0,0,0
7/13/2015 2:00,0,0,0
7/13/2015 3:00,0,0,0
7/13/2015 4:00,3,3,0
7/13/2015 5:00,1,1,0
7/13/2015 6:00,7,7,0
7/13/2015 7:00,13,12,1
7/13/2015 8:00,9,8,1
7/13/2015 9:00,4,4,0
7/13/2015 10:00,4,4,0
7/13/2015 11:00,3,2,1
7/13/2015 12:00,0,0,0
7/13/2015 13:00,1,0,1
7/13/2015 14:00,1,1,0
7/13/2015 15:00,6,1,5
7/13/2015 16:00,14,2,12
7/13/2015 17:00,18,6,12
7/13/2015 18:00,15,2,13
7/13/2015 19:00,6,2,4
7/13/2015 20:00,8,0,8
7/13/2015 21:00,2,2,0
7/13/2015 22:00,2,0,2
7/13/2015 23:00,0,0,0
7/14/2015 0:00,1,0,1
7/14/2015 1:00,0,0,0
7/14/2015 2:00,0,0,0
7/14/2015 3:00,0,0,0
7/14/2015 4:00,1,1,0
7/14/2015 5:00,0,0,0
7/14/2015 6:00,7,7,0
7/14/2015 7:00,20,19,1
7/14/2015 8:00,12,11,1
7/14/2015 9:00,5,2,3
7/14/2015 10:00,6,3,3
7/14/2015 11:00,2,2,0
7/14/2015 12:00,6,2,4
7/14/2015 13:00,2,2,0
7/14/2015 14:00,4,0,4
7/14/2015 15:00,9,5,4
7/14/2015 16:00,11,1,10
7/14/2015 17:00,17,0,17
7/14/2015 18:00,12,2,10
7/14/2015 19:00,9,2,7
7/14/2015 20:00,3,0,3
7/14/2015 21:00,10,1,9
7/14/2015 22:00,2,0,2
7/14/2015 23:00,2,0,2
7/15/2015 0:00,0,0,0
7/15/2015 1:00,0,0,0
7/15/2015 2:00,0,0,0
7/15/2015 3:00,0,0,0
7/15/2015 4:00,2,1,1
7/15/2015 5:00,1,1,0
7/15/2015 6:00,10,10,0
7/15/2015 7:00,19,19,0
7/15/2015 8:00,13,13,0
7/15/2015 9:00,6,4,2
7/15/2015 10:00,2,1,1
7/15/2015 11:00,2,2,0
7/15/2015 12:00,3,1,2
7/15/2015 13:00,1,1,0
7/15/2015 14:00,2,2,0
7/15/2015 15:00,1,0,1
7/15/2015 16:00,6,2,4
7/15/2015 17:00,14,3,11
7/15/2015 18:00,11,2,9
7/15/2015 19:00,8,4,4
7/15/2015 20:00,6,3,3
7/15/2015 21:00,2,0,2
7/15/2015 22:00,1,0,1
7/15/2015 23:00,3,1,2
7/16/2015 0:00,0,0,0
7/16/2015 1:00,1,0,1
7/16/2015 2:00,0,0,0
7/16/2015 3:00,0,0,0
7/16/2015 4:00,1,1,0
7/16/2015 5:00,3,3,0
7/16/2015 6:00,9,9,0
7/16/2015 7:00,9,9,0
7/16/2015 8:00,9,9,0
7/16/2015 9:00,10,9,1
7/16/2015 10:00,0,0,0
7/16/2015 11:00,1,1,0
7/16/2015 12:00,0,0,0
7/16/2015 13:00,0,0,0
7/16/2015 14:00,2,2,0
7/16/2015 15:00,2,0,2
7/16/2015 16:00,4,1,3
7/16/2015 17:00,5,2,3
7/16/2015 18:00,7,5,2
7/16/2015 19:00,3,3,0
7/16/2015 20:00,5,0,5
7/16/2015 21:00,2,1,1
7/16/2015 22:00,1,1,0
7/16/2015 23:00,0,0,0
7/17/2015 0:00,0,0,0
7/17/2015 1:00,1,0,1
7/17/2015 2:00,1,0,1
7/17/2015 3:00,0,0,0
7/17/2015 4:00,0,0,0
7/17/2015 5:00,0,0,0
7/17/2015 6:00,5,5,0
7/17/2015 7:00,14,12,2
7/17/2015 8:00,12,11,1
7/17/2015 9:00,6,6,0
7/17/2015 10:00,3,3,0
7/17/2015 11:00,4,2,2
7/17/2015 12:00,2,0,2
7/17/2015 13:00,3,2,1
7/17/2015 14:00,1,1,0
7/17/2015 15:00,6,4,2
7/17/2015 16:00,2,1,1
7/17/2015 17:00,5,0,5
7/17/2015 18:00,4,2,2
7/17/2015 19:00,5,3,2
7/17/2015 20:00,1,0,1
7/17/2015 21:00,1,0,1
7/17/2015 22:00,1,0,1
7/17/2015 23:00,1,0,1
7/18/2015 0:00,0,0,0
7/18/2015 1:00,0,0,0
7/18/2015 2:00,1,0,1
7/18/2015 3:00,0,0,0
7/18/2015 4:00,1,1,0
7/18/2015 5:00,3,3,0
7/18/2015 6:00,0,0,0
7/18/2015 7:00,1,1,0
7/18/2015 8:00,5,5,0
7/18/2015 9:00,1,1,0
7/18/2015 10:00,2,2,0
7/18/2015 11:00,1,1,0
7/18/2015 12:00,1,1,0
7/18/2015 13:00,0,0,0
7/18/2015 14:00,4,3,1
7/18/2015 15:00,3,2,1
7/18/2015 16:00,0,0,0
7/18/2015 17:00,6,1,5
7/18/2015 18:00,1,0,1
7/18/2015 19:00,1,0,1
7/18/2015 20:00,2,1,1
7/18/2015 21:00,1,1,0
7/18/2015 22:00,2,1,1
7/18/2015 23:00,1,0,1
7/19/2015 0:00,1,0,1
7/19/2015 1:00,0,0,0
7/19/2015 2:00,0,0,0
7/19/2015 3:00,0,0,0
7/19/2015 4:00,0,0,0
7/19/2015 5:00,0,0,0
7/19/2015 6:00,0,0,0
7/19/2015 7:00,2,2,0
7/19/2015 8:00,3,2,1
7/19/2015 9:00,2,2,0
7/19/2015 10:00,4,4,0
7/19/2015 11:00,1,1,0
7/19/2015 12:00,2,2,0
7/19/2015 13:00,7,2,5
7/19/2015 14:00,2,2,0
7/19/2015 15:00,1,1,0
7/19/2015 16:00,1,1,0
7/19/2015 17:00,0,0,0
7/19/2015 18:00,3,3,0
7/19/2015 19:00,0,0,0
7/19/2015 20:00,2,0,2
7/19/2015 21:00,0,0,0
7/19/2015 22:00,3,1,2
7/19/2015 23:00,0,0,0
7/20/2015 0:00,0,0,0
7/20/2015 1:00,0,0,0
7/20/2015 2:00,0,0,0
7/20/2015 3:00,0,0,0
7/20/2015 4:00,1,1,0
7/20/2015 5:00,0,0,0
7/20/2015 6:00,11,11,0
7/20/2015 7:00,17,16,1
7/20/2015 8:00,12,12,0
7/20/2015 9:00,0,0,0
7/20/2015 10:00,3,2,1
7/20/2015 11:00,2,2,0
7/20/2015 12:00,1,0,1
7/20/2015 13:00,4,3,1
7/20/2015 14:00,1,1,0
7/20/2015 15:00,4,4,0
7/20/2015 16:00,3,2,1
7/20/2015 17:00,4,1,3
7/20/2015 18:00,8,3,5
7/20/2015 19:00,3,2,1
7/20/2015 20:00,0,0,0
7/20/2015 21:00,0,0,0
7/20/2015 22:00,0,0,0
7/20/2015 23:00,0,0,0
7/21/2015 0:00,0,0,0
7/21/2015 1:00,0,0,0
7/21/2015 2:00,0,0,0
7/21/2015 3:00,0,0,0
7/21/2015 4:00,1,1,0
7/21/2015 5:00,2,2,0
7/21/2015 6:00,3,3,0
7/21/2015 7:00,12,10,2
7/21/2015 8:00,11,9,2
7/21/2015 9:00,1,1,0
7/21/2015 10:00,2,2,0
7/21/2015 11:00,3,2,1
7/21/2015 12:00,2,2,0
7/21/2015 13:00,3,0,3
7/21/2015 14:00,0,0,0
7/21/2015 15:00,1,1,0
7/21/2015 16:00,5,4,1
7/21/2015 17:00,5,0,5
7/21/2015 18:00,5,4,1
7/21/2015 19:00,1,0,1
7/21/2015 20:00,5,2,3
7/21/2015 21:00,0,0,0
7/21/2015 22:00,0,0,0
7/21/2015 23:00,0,0,0
7/22/2015 0:00,0,0,0
7/22/2015 1:00,0,0,0
7/22/2015 2:00,0,0,0
7/22/2015 3:00,0,0,0
7/22/2015 4:00,2,2,0
7/22/2015 5:00,4,4,0
7/22/2015 6:00,6,6,0
7/22/2015 7:00,24,24,0
7/22/2015 8:00,16,16,0
7/22/2015 9:00,5,5,0
7/22/2015 10:00,1,1,0
7/22/2015 11:00,1,1,0
7/22/2015 12:00,0,0,0
7/22/2015 13:00,4,4,0
7/22/2015 14:00,2,2,0
7/22/2015 15:00,3,3,0
7/22/2015 16:00,8,5,3
7/22/2015 17:00,3,3,0
7/22/2015 18:00,5,3,2
7/22/2015 19:00,2,2,0
7/22/2015 20:00,1,1,0
7/22/2015 21:00,3,3,0
7/22/2015 22:00,0,0,0
7/22/2015 23:00,1,1,0
7/23/2015 0:00,0,0,0
7/23/2015 1:00,0,0,0
7/23/2015 2:00,0,0,0
7/23/2015 3:00,0,0,0
7/23/2015 4:00,0,0,0
7/23/2015 5:00,2,2,0
7/23/2015 6:00,7,7,0
7/23/2015 7:00,13,13,0
7/23/2015 8:00,10,10,0
7/23/2015 9:00,2,2,0
7/23/2015 10:00,1,1,0
7/23/2015 11:00,6,6,0
7/23/2015 12:00,2,2,0
7/23/2015 13:00,0,0,0
7/23/2015 14:00,1,1,0
7/23/2015 15:00,2,1,1
7/23/2015 16:00,5,1,4
7/23/2015 17:00,0,0,0
7/23/2015 18:00,1,0,1
7/23/2015 19:00,4,3,1
7/23/2015 20:00,1,0,1
7/23/2015 21:00,0,0,0
7/23/2015 22:00,2,0,2
7/23/2015 23:00,2,2,0
7/24/2015 0:00,1,0,1
7/24/2015 1:00,0,0,0
7/24/2015 2:00,0,0,0
7/24/2015 3:00,1,0,1
7/24/2015 4:00,0,0,0
7/24/2015 5:00,2,2,0
7/24/2015 6:00,7,7,0
7/24/2015 7:00,14,14,0
7/24/2015 8:00,11,11,0
7/24/2015 9:00,2,2,0
7/24/2015 10:00,5,3,2
7/24/2015 11:00,2,2,0
7/24/2015 12:00,0,0,0
7/24/2015 13:00,1,1,0
7/24/2015 14:00,1,1,0
7/24/2015 15:00,2,2,0
7/24/2015 16:00,2,2,0
7/24/2015 17:00,3,2,1
7/24/2015 18:00,3,1,2
7/24/2015 19:00,1,1,0
7/24/2015 20:00,0,0,0
7/24/2015 21:00,1,1,0
7/24/2015 22:00,0,0,0
7/24/2015 23:00,0,0,0
7/25/2015 0:00,0,0,0
7/25/2015 1:00,0,0,0
7/25/2015 2:00,0,0,0
7/25/2015 3:00,0,0,0
7/25/2015 4:00,1,1,0
7/25/2015 5:00,2,1,1
7/25/2015 6:00,0,0,0
7/25/2015 7:00,0,0,0
7/25/2015 8:00,4,3,1
7/25/2015 9:00,4,4,0
7/25/2015 10:00,3,3,0
7/25/2015 11:00,0,0,0
7/25/2015 12:00,1,1,0
7/25/2015 13:00,0,0,0
7/25/2015 14:00,2,1,1
7/25/2015 15:00,1,1,0
7/25/2015 16:00,3,3,0
7/25/2015 17:00,1,0,1
7/25/2015 18:00,3,1,2
7/25/2015 19:00,1,1,0
7/25/2015 20:00,0,0,0
7/25/2015 21:00,1,0,1
7/25/2015 22:00,0,0,0
7/25/2015 23:00,1,0,1
7/26/2015 0:00,0,0,0
7/26/2015 1:00,0,0,0
7/26/2015 2:00,0,0,0
7/26/2015 3:00,0,0,0
7/26/2015 4:00,0,0,0
7/26/2015 5:00,1,1,0
7/26/2015 6:00,0,0,0
7/26/2015 7:00,1,1,0
7/26/2015 8:00,2,2,0
7/26/2015 9:00,1,0,1
7/26/2015 10:00,2,1,1
7/26/2015 11:00,7,5,2
7/26/2015 12:00,7,5,2
7/26/2015 13:00,2,1,1
7/26/2015 14:00,4,3,1
7/26/2015 15:00,4,3,1
7/26/2015 16:00,0,0,0
7/26/2015 17:00,1,1,0
7/26/2015 18:00,0,0,0
7/26/2015 19:00,2,1,1
7/26/2015 20:00,0,0,0
7/26/2015 21:00,0,0,0
7/26/2015 22:00,0,0,0
7/26/2015 23:00,0,0,0
7/27/2015 0:00,0,0,0
7/27/2015 1:00,1,0,1
7/27/2015 2:00,0,0,0
7/27/2015 3:00,0,0,0
7/27/2015 4:00,1,1,0
7/27/2015 5:00,2,2,0
7/27/2015 6:00,8,8,0
7/27/2015 7:00,17,15,2
7/27/2015 8:00,9,7,2
7/27/2015 9:00,4,4,0
7/27/2015 10:00,2,1,1
7/27/2015 11:00,6,4,2
7/27/2015 12:00,2,0,2
7/27/2015 13:00,0,0,0
7/27/2015 14:00,2,1,1
7/27/2015 15:00,3,2,1
7/27/2015 16:00,3,1,2
7/27/2015 17:00,5,3,2
7/27/2015 18:00,13,3,10
7/27/2015 19:00,2,0,2
7/27/2015 20:00,5,1,4
7/27/2015 21:00,3,3,0
7/27/2015 22:00,0,0,0
7/27/2015 23:00,1,1,0
7/28/2015 0:00,0,0,0
7/28/2015 1:00,0,0,0
7/28/2015 2:00,0,0,0
7/28/2015 3:00,0,0,0
7/28/2015 4:00,0,0,0
7/28/2015 5:00,2,2,0
7/28/2015 6:00,8,8,0
7/28/2015 7:00,16,15,1
7/28/2015 8:00,12,12,0
7/28/2015 9:00,7,4,3
7/28/2015 10:00,0,0,0
7/28/2015 11:00,4,3,1
7/28/2015 12:00,4,4,0
7/28/2015 13:00,3,3,0
7/28/2015 14:00,5,5,0
7/28/2015 15:00,2,1,1
7/28/2015 16:00,9,4,5
7/28/2015 17:00,7,1,6
7/28/2015 18:00,8,6,2
7/28/2015 19:00,3,3,0
7/28/2015 20:00,2,1,1
7/28/2015 21:00,2,0,2
7/28/2015 22:00,0,0,0
7/28/2015 23:00,0,0,0
7/29/2015 0:00,0,0,0
7/29/2015 1:00,0,0,0
7/29/2015 2:00,0,0,0
7/29/2015 3:00,0,0,0
7/29/2015 4:00,2,2,0
7/29/2015 5:00,0,0,0
7/29/2015 6:00,5,5,0
7/29/2015 7:00,19,18,1
7/29/2015 8:00,15,15,0
7/29/2015 9:00,7,4,3
7/29/2015 10:00,3,3,0
7/29/2015 11:00,4,4,0
7/29/2015 12:00,1,1,0
7/29/2015 13:00,3,2,1
7/29/2015 14:00,4,2,2
7/29/2015 15:00,2,2,0
7/29/2015 16:00,3,0,3
7/29/2015 17:00,3,2,1
7/29/2015 18:00,5,1,4
7/29/2015 19:00,10,9,1
7/29/2015 20:00,2,2,0
7/29/2015 21:00,4,2,2
7/29/2015 22:00,0,0,0
7/29/2015 23:00,3,1,2
7/30/2015 0:00,1,0,1
7/30/2015 1:00,0,0,0
7/30/2015 2:00,0,0,0
7/30/2015 3:00,0,0,0
7/30/2015 4:00,3,3,0
7/30/2015 5:00,2,2,0
7/30/2015 6:00,6,6,0
7/30/2015 7:00,15,13,2
7/30/2015 8:00,17,15,2
7/30/2015 9:00,9,5,4
7/30/2015 10:00,1,1,0
7/30/2015 11:00,1,1,0
7/30/2015 12:00,2,2,0
7/30/2015 13:00,1,0,1
7/30/2015 14:00,3,1,2
7/30/2015 15:00,2,2,0
7/30/2015 16:00,5,3,2
7/30/2015 17:00,2,1,1
7/30/2015 18:00,4,3,1
7/30/2015 19:00,4,2,2
7/30/2015 20:00,4,2,2
7/30/2015 21:00,0,0,0
7/30/2015 22:00,0,0,0
7/30/2015 23:00,0,0,0
7/31/2015 0:00,1,0,1
7/31/2015 1:00,0,0,0
7/31/2015 2:00,0,0,0
7/31/2015 3:00,0,0,0
7/31/2015 4:00,0,0,0
7/31/2015 5:00,1,1,0
7/31/2015 6:00,4,4,0
7/31/2015 7:00,11,10,1
7/31/2015 8:00,15,15,0
7/31/2015 9:00,1,1,0
7/31/2015 10:00,3,2,1
7/31/2015 11:00,2,2,0
7/31/2015 12:00,2,2,0
7/31/2015 13:00,2,2,0
7/31/2015 14:00,4,4,0
7/31/2015 15:00,1,0,1
7/31/2015 16:00,1,1,0
7/31/2015 17:00,1,0,1
7/31/2015 18:00,1,1,0
7/31/2015 19:00,3,1,2
7/31/2015 20:00,0,0,0
7/31/2015 21:00,0,0,0
7/31/2015 22:00,2,0,2
7/31/2015 23:00,0,0,0
8/1/2015 0:00,0,0,0
8/1/2015 1:00,0,0,0
8/1/2015 2:00,0,0,0
8/1/2015 3:00,0,0,0
8/1/2015 4:00,0,0,0
8/1/2015 5:00,3,3,0
8/1/2015 6:00,0,0,0
8/1/2015 7:00,1,1,0
8/1/2015 8:00,3,3,0
8/1/2015 9:00,3,2,1
8/1/2015 10:00,4,3,1
8/1/2015 11:00,0,0,0
8/1/2015 12:00,5,5,0
8/1/2015 13:00,3,3,0
8/1/2015 14:00,2,1,1
8/1/2015 15:00,2,2,0
8/1/2015 16:00,1,1,0
8/1/2015 17:00,2,1,1
8/1/2015 18:00,1,1,0
8/1/2015 19:00,5,5,0
8/1/2015 20:00,5,0,5
8/1/2015 21:00,3,3,0
8/1/2015 22:00,0,0,0
8/1/2015 23:00,0,0,0
8/2/2015 0:00,0,0,0
8/2/2015 1:00,0,0,0
8/2/2015 2:00,0,0,0
8/2/2015 3:00,0,0,0
8/2/2015 4:00,0,0,0
8/2/2015 5:00,1,1,0
8/2/2015 6:00,2,2,0
8/2/2015 7:00,6,6,0
8/2/2015 8:00,3,3,0
8/2/2015 9:00,2,2,0
8/2/2015 10:00,0,0,0
8/2/2015 11:00,2,2,0
8/2/2015 12:00,5,5,0
8/2/2015 13:00,1,1,0
8/2/2015 14:00,0,0,0
8/2/2015 15:00,0,0,0
8/2/2015 16:00,4,2,2
8/2/2015 17:00,0,0,0
8/2/2015 18:00,6,5,1
8/2/2015 19:00,0,0,0
8/2/2015 20:00,1,1,0
8/2/2015 21:00,0,0,0
8/2/2015 22:00,0,0,0
8/2/2015 23:00,2,0,2
8/3/2015 0:00,0,0,0
8/3/2015 1:00,0,0,0
8/3/2015 2:00,0,0,0
8/3/2015 3:00,0,0,0
8/3/2015 4:00,3,3,0
8/3/2015 5:00,2,2,0
8/3/2015 6:00,7,7,0
8/3/2015 7:00,10,10,0
8/3/2015 8:00,14,13,1
8/3/2015 9:00,4,1,3
8/3/2015 10:00,6,4,2
8/3/2015 11:00,1,1,0
8/3/2015 12:00,2,2,0
8/3/2015 13:00,0,0,0
8/3/2015 14:00,2,0,2
8/3/2015 15:00,3,1,2
8/3/2015 16:00,1,1,0
8/3/2015 17:00,7,2,5
8/3/2015 18:00,4,2,2
8/3/2015 19:00,3,1,2
8/3/2015 20:00,3,1,2
8/3/2015 21:00,2,1,1
8/3/2015 22:00,1,0,1
8/3/2015 23:00,0,0,0
8/4/2015 0:00,0,0,0
8/4/2015 1:00,0,0,0
8/4/2015 2:00,0,0,0
8/4/2015 3:00,0,0,0
8/4/2015 4:00,2,2,0
8/4/2015 5:00,0,0,0
8/4/2015 6:00,12,12,0
8/4/2015 7:00,11,11,0
8/4/2015 8:00,11,11,0
8/4/2015 9:00,4,2,2
8/4/2015 10:00,2,2,0
8/4/2015 11:00,3,2,1
8/4/2015 12:00,2,2,0
8/4/2015 13:00,2,1,1
8/4/2015 14:00,4,0,4
8/4/2015 15:00,4,4,0
8/4/2015 16:00,12,8,4
8/4/2015 17:00,6,2,4
8/4/2015 18:00,7,2,5
8/4/2015 19:00,6,2,4
8/4/2015 20:00,2,1,1
8/4/2015 21:00,0,0,0
8/4/2015 22:00,0,0,0
8/4/2015 23:00,0,0,0
8/5/2015 0:00,1,0,1
8/5/2015 1:00,0,0,0
8/5/2015 2:00,0,0,0
8/5/2015 3:00,0,0,0
8/5/2015 4:00,2,2,0
8/5/2015 5:00,3,3,0
8/5/2015 6:00,6,6,0
8/5/2015 7:00,15,15,0
8/5/2015 8:00,15,14,1
8/5/2015 9:00,4,4,0
8/5/2015 10:00,0,0,0
8/5/2015 11:00,6,2,4
8/5/2015 12:00,3,2,1
8/5/2015 13:00,1,1,0
8/5/2015 14:00,2,0,2
8/5/2015 15:00,2,2,0
8/5/2015 16:00,5,4,1
8/5/2015 17:00,2,1,1
8/5/2015 18:00,3,3,0
8/5/2015 19:00,1,0,1
8/5/2015 20:00,0,0,0
8/5/2015 21:00,2,1,1
8/5/2015 22:00,0,0,0
8/5/2015 23:00,1,0,1
8/6/2015 0:00,0,0,0
8/6/2015 1:00,0,0,0
8/6/2015 2:00,0,0,0
8/6/2015 3:00,0,0,0
8/6/2015 4:00,3,3,0
8/6/2015 5:00,1,1,0
8/6/2015 6:00,5,5,0
8/6/2015 7:00,16,16,0
8/6/2015 8:00,7,7,0
8/6/2015 9:00,2,2,0
8/6/2015 10:00,1,0,1
8/6/2015 11:00,5,5,0
8/6/2015 12:00,3,0,3
8/6/2015 13:00,2,2,0
8/6/2015 14:00,4,1,3
8/6/2015 15:00,4,2,2
8/6/2015 16:00,5,3,2
8/6/2015 17:00,6,0,6
8/6/2015 18:00,13,6,7
8/6/2015 19:00,12,2,10
8/6/2015 20:00,1,0,1
8/6/2015 21:00,3,1,2
8/6/2015 22:00,1,0,1
8/6/2015 23:00,1,0,1
8/7/2015 0:00,0,0,0
8/7/2015 1:00,0,0,0
8/7/2015 2:00,0,0,0
8/7/2015 3:00,0,0,0
8/7/2015 4:00,1,1,0
8/7/2015 5:00,0,0,0
8/7/2015 6:00,5,5,0
8/7/2015 7:00,15,15,0
8/7/2015 8:00,13,13,0
8/7/2015 9:00,5,5,0
8/7/2015 10:00,3,0,3
8/7/2015 11:00,3,3,0
8/7/2015 12:00,2,2,0
8/7/2015 13:00,2,2,0
8/7/2015 14:00,2,2,0
8/7/2015 15:00,2,2,0
8/7/2015 16:00,3,3,0
8/7/2015 17:00,3,2,1
8/7/2015 18:00,1,0,1
8/7/2015 19:00,1,1,0
8/7/2015 20:00,2,2,0
8/7/2015 21:00,0,0,0
8/7/2015 22:00,0,0,0
8/7/2015 23:00,3,1,2
8/8/2015 0:00,0,0,0
8/8/2015 1:00,0,0,0
8/8/2015 2:00,0,0,0
8/8/2015 3:00,0,0,0
8/8/2015 4:00,0,0,0
8/8/2015 5:00,2,2,0
8/8/2015 6:00,2,2,0
8/8/2015 7:00,0,0,0
8/8/2015 8:00,4,4,0
8/8/2015 9:00,1,1,0
8/8/2015 10:00,1,1,0
8/8/2015 11:00,8,1,7
8/8/2015 12:00,6,0,6
8/8/2015 13:00,10,5,5
8/8/2015 14:00,10,3,7
8/8/2015 15:00,6,0,6
8/8/2015 16:00,0,0,0
8/8/2015 17:00,2,2,0
8/8/2015 18:00,3,3,0
8/8/2015 19:00,0,0,0
8/8/2015 20:00,2,1,1
8/8/2015 21:00,2,2,0
8/8/2015 22:00,1,1,0
8/8/2015 23:00,1,1,0
8/9/2015 0:00,0,0,0
8/9/2015 1:00,0,0,0
8/9/2015 2:00,0,0,0
8/9/2015 3:00,0,0,0
8/9/2015 4:00,0,0,0
8/9/2015 5:00,1,1,0
8/9/2015 6:00,0,0,0
8/9/2015 7:00,4,3,1
8/9/2015 8:00,3,3,0
8/9/2015 9:00,2,2,0
8/9/2015 10:00,3,3,0
8/9/2015 11:00,1,1,0
8/9/2015 12:00,5,5,0
8/9/2015 13:00,3,2,1
8/9/2015 14:00,6,3,3
8/9/2015 15:00,1,0,1
8/9/2015 16:00,2,2,0
8/9/2015 17:00,0,0,0
8/9/2015 18:00,6,6,0
8/9/2015 19:00,1,1,0
8/9/2015 20:00,2,1,1
8/9/2015 21:00,4,2,2
8/9/2015 22:00,0,0,0
8/9/2015 23:00,0,0,0
8/10/2015 0:00,0,0,0
8/10/2015 1:00,0,0,0
8/10/2015 2:00,0,0,0
8/10/2015 3:00,1,1,0
8/10/2015 4:00,3,2,1
8/10/2015 5:00,5,5,0
8/10/2015 6:00,6,6,0
8/10/2015 7:00,12,12,0
8/10/2015 8:00,15,15,0
8/10/2015 9:00,8,5,3
8/10/2015 10:00,1,1,0
8/10/2015 11:00,2,1,1
8/10/2015 12:00,4,1,3
8/10/2015 13:00,2,1,1
8/10/2015 14:00,2,0,2
8/10/2015 15:00,2,2,0
8/10/2015 16:00,13,3,10
8/10/2015 17:00,2,2,0
8/10/2015 18:00,3,3,0
8/10/2015 19:00,2,2,0
8/10/2015 20:00,2,1,1
8/10/2015 21:00,3,0,3
8/10/2015 22:00,2,2,0
8/10/2015 23:00,1,1,0
8/11/2015 0:00,0,0,0
8/11/2015 1:00,0,0,0
8/11/2015 2:00,0,0,0
8/11/2015 3:00,0,0,0
8/11/2015 4:00,1,1,0
8/11/2015 5:00,4,4,0
8/11/2015 6:00,11,11,0
8/11/2015 7:00,15,15,0
8/11/2015 8:00,11,11,0
8/11/2015 9:00,7,5,2
8/11/2015 10:00,2,2,0
8/11/2015 11:00,3,3,0
8/11/2015 12:00,9,9,0
8/11/2015 13:00,6,4,2
8/11/2015 14:00,3,1,2
8/11/2015 15:00,2,2,0
8/11/2015 16:00,1,1,0
8/11/2015 17:00,2,1,1
8/11/2015 18:00,7,4,3
8/11/2015 19:00,0,0,0
8/11/2015 20:00,1,1,0
8/11/2015 21:00,0,0,0
8/11/2015 22:00,0,0,0
8/11/2015 23:00,0,0,0
8/12/2015 0:00,0,0,0
8/12/2015 1:00,0,0,0
8/12/2015 2:00,0,0,0
8/12/2015 3:00,0,0,0
8/12/2015 4:00,1,1,0
8/12/2015 5:00,1,1,0
8/12/2015 6:00,10,10,0
8/12/2015 7:00,17,17,0
8/12/2015 8:00,16,15,1
8/12/2015 9:00,3,3,0
8/12/2015 10:00,2,2,0
8/12/2015 11:00,2,2,0
8/12/2015 12:00,2,0,2
8/12/2015 13:00,1,1,0
8/12/2015 14:00,1,1,0
8/12/2015 15:00,1,1,0
8/12/2015 16:00,4,1,3
8/12/2015 17:00,8,4,4
8/12/2015 18:00,2,2,0
8/12/2015 19:00,7,5,2
8/12/2015 20:00,3,3,0
8/12/2015 21:00,0,0,0
8/12/2015 22:00,0,0,0
8/12/2015 23:00,0,0,0
8/13/2015 0:00,0,0,0
8/13/2015 1:00,0,0,0
8/13/2015 2:00,0,0,0
8/13/2015 3:00,0,0,0
8/13/2015 4:00,0,0,0
8/13/2015 5:00,2,2,0
8/13/2015 6:00,6,6,0
8/13/2015 7:00,22,22,0
8/13/2015 8:00,12,12,0
8/13/2015 9:00,6,4,2
8/13/2015 10:00,1,1,0
8/13/2015 11:00,2,2,0
8/13/2015 12:00,4,2,2
8/13/2015 13:00,2,2,0
8/13/2015 14:00,1,0,1
8/13/2015 15:00,0,0,0
8/13/2015 16:00,3,3,0
8/13/2015 17:00,3,0,3
8/13/2015 18:00,3,0,3
8/13/2015 19:00,5,2,3
8/13/2015 20:00,3,2,1
8/13/2015 21:00,1,0,1
8/13/2015 22:00,1,0,1
8/13/2015 23:00,1,0,1
8/14/2015 0:00,0,0,0
8/14/2015 1:00,0,0,0
8/14/2015 2:00,0,0,0
8/14/2015 3:00,0,0,0
8/14/2015 4:00,0,0,0
8/14/2015 5:00,0,0,0
8/14/2015 6:00,3,3,0
8/14/2015 7:00,11,11,0
8/14/2015 8:00,9,8,1
8/14/2015 9:00,2,2,0
8/14/2015 10:00,4,1,3
8/14/2015 11:00,2,0,2
8/14/2015 12:00,3,2,1
8/14/2015 13:00,3,0,3
8/14/2015 14:00,0,0,0
8/14/2015 15:00,2,0,2
8/14/2015 16:00,2,0,2
8/14/2015 17:00,1,0,1
8/14/2015 18:00,2,0,2
8/14/2015 19:00,0,0,0
8/14/2015 20:00,1,1,0
8/14/2015 21:00,1,0,1
8/14/2015 22:00,0,0,0
8/14/2015 23:00,1,0,1
8/15/2015 0:00,0,0,0
8/15/2015 1:00,0,0,0
8/15/2015 2:00,1,0,1
8/15/2015 3:00,0,0,0
8/15/2015 4:00,0,0,0
8/15/2015 5:00,2,2,0
8/15/2015 6:00,0,0,0
8/15/2015 7:00,1,1,0
8/15/2015 8:00,2,2,0
8/15/2015 9:00,1,1,0
8/15/2015 10:00,2,2,0
8/15/2015 11:00,4,4,0
8/15/2015 12:00,2,2,0
8/15/2015 13:00,0,0,0
8/15/2015 14:00,3,3,0
8/15/2015 15:00,2,2,0
8/15/2015 16:00,1,1,0
8/15/2015 17:00,1,0,1
8/15/2015 18:00,2,0,2
8/15/2015 19:00,1,1,0
8/15/2015 20:00,1,1,0
8/15/2015 21:00,0,0,0
8/15/2015 22:00,0,0,0
8/15/2015 23:00,0,0,0
8/16/2015 0:00,1,1,0
8/16/2015 1:00,0,0,0
8/16/2015 2:00,0,0,0
8/16/2015 3:00,0,0,0
8/16/2015 4:00,1,1,0
8/16/2015 5:00,1,1,0
8/16/2015 6:00,0,0,0
8/16/2015 7:00,0,0,0
8/16/2015 8:00,2,2,0
8/16/2015 9:00,2,2,0
8/16/2015 10:00,3,3,0
8/16/2015 11:00,1,1,0
8/16/2015 12:00,8,8,0
8/16/2015 13:00,3,1,2
8/16/2015 14:00,1,1,0
8/16/2015 15:00,0,0,0
8/16/2015 16:00,1,0,1
8/16/2015 17:00,2,2,0
8/16/2015 18:00,3,3,0
8/16/2015 19:00,2,2,0
8/16/2015 20:00,1,1,0
8/16/2015 21:00,0,0,0
8/16/2015 22:00,0,0,0
8/16/2015 23:00,0,0,0
8/17/2015 0:00,0,0,0
8/17/2015 1:00,0,0,0
8/17/2015 2:00,0,0,0
8/17/2015 3:00,0,0,0
8/17/2015 4:00,2,2,0
8/17/2015 5:00,6,6,0
8/17/2015 6:00,8,8,0
8/17/2015 7:00,17,17,0
8/17/2015 8:00,10,9,1
8/17/2015 9:00,7,6,1
8/17/2015 10:00,0,0,0
8/17/2015 11:00,3,1,2
8/17/2015 12:00,6,1,5
8/17/2015 13:00,3,1,2
8/17/2015 14:00,1,1,0
8/17/2015 15:00,2,2,0
8/17/2015 16:00,2,2,0
8/17/2015 17:00,3,3,0
8/17/2015 18:00,5,4,1
8/17/2015 19:00,6,2,4
8/17/2015 20:00,3,3,0
8/17/2015 21:00,2,1,1
8/17/2015 22:00,1,1,0
8/17/2015 23:00,0,0,0
8/18/2015 0:00,0,0,0
8/18/2015 1:00,0,0,0
8/18/2015 2:00,0,0,0
8/18/2015 3:00,0,0,0
8/18/2015 4:00,2,2,0
8/18/2015 5:00,1,1,0
8/18/2015 6:00,8,8,0
8/18/2015 7:00,11,11,0
8/18/2015 8:00,14,14,0
8/18/2015 9:00,6,5,1
8/18/2015 10:00,3,1,2
8/18/2015 11:00,2,2,0
8/18/2015 12:00,3,0,3
8/18/2015 13:00,1,1,0
8/18/2015 14:00,1,1,0
8/18/2015 15:00,4,2,2
8/18/2015 16:00,6,6,0
8/18/2015 17:00,4,3,1
8/18/2015 18:00,1,1,0
8/18/2015 19:00,1,1,0
8/18/2015 20:00,1,0,1
8/18/2015 21:00,1,1,0
8/18/2015 22:00,1,1,0
8/18/2015 23:00,0,0,0
8/19/2015 0:00,0,0,0
8/19/2015 1:00,0,0,0
8/19/2015 2:00,0,0,0
8/19/2015 3:00,0,0,0
8/19/2015 4:00,2,2,0
8/19/2015 5:00,2,0,2
8/19/2015 6:00,4,4,0
8/19/2015 7:00,18,18,0
8/19/2015 8:00,17,15,2
8/19/2015 9:00,9,7,2
8/19/2015 10:00,1,1,0
8/19/2015 11:00,5,4,1
8/19/2015 12:00,1,1,0
8/19/2015 13:00,0,0,0
8/19/2015 14:00,2,1,1
8/19/2015 15:00,0,0,0
8/19/2015 16:00,8,1,7
8/19/2015 17:00,4,3,1
8/19/2015 18:00,6,6,0
8/19/2015 19:00,2,1,1
8/19/2015 20:00,3,1,2
8/19/2015 21:00,2,2,0
8/19/2015 22:00,0,0,0
8/19/2015 23:00,2,2,0
8/20/2015 0:00,0,0,0
8/20/2015 1:00,0,0,0
8/20/2015 2:00,0,0,0
8/20/2015 3:00,0,0,0
8/20/2015 4:00,3,3,0
8/20/2015 5:00,4,4,0
8/20/2015 6:00,6,6,0
8/20/2015 7:00,13,13,0
8/20/2015 8:00,6,6,0
8/20/2015 9:00,1,1,0
8/20/2015 10:00,2,2,0
8/20/2015 11:00,2,2,0
8/20/2015 12:00,3,3,0
8/20/2015 13:00,1,1,0
8/20/2015 14:00,0,0,0
8/20/2015 15:00,2,2,0
8/20/2015 16:00,4,2,2
8/20/2015 17:00,6,1,5
8/20/2015 18:00,3,2,1
8/20/2015 19:00,3,2,1
8/20/2015 20:00,3,2,1
8/20/2015 21:00,1,0,1
8/20/2015 22:00,0,0,0
8/20/2015 23:00,1,0,1
8/21/2015 0:00,0,0,0
8/21/2015 1:00,0,0,0
8/21/2015 2:00,0,0,0
8/21/2015 3:00,0,0,0
8/21/2015 4:00,1,1,0
8/21/2015 5:00,0,0,0
8/21/2015 6:00,2,2,0
8/21/2015 7:00,20,20,0
8/21/2015 8:00,6,6,0
8/21/2015 9:00,3,3,0
8/21/2015 10:00,1,1,0
8/21/2015 11:00,2,2,0
8/21/2015 12:00,2,0,2
8/21/2015 13:00,0,0,0
8/21/2015 14:00,3,3,0
8/21/2015 15:00,6,2,4
8/21/2015 16:00,7,5,2
8/21/2015 17:00,3,1,2
8/21/2015 18:00,1,0,1
8/21/2015 19:00,0,0,0
8/21/2015 20:00,6,3,3
8/21/2015 21:00,2,1,1
8/21/2015 22:00,1,0,1
8/21/2015 23:00,0,0,0
8/22/2015 0:00,0,0,0
8/22/2015 1:00,0,0,0
8/22/2015 2:00,0,0,0
8/22/2015 3:00,0,0,0
8/22/2015 4:00,1,1,0
8/22/2015 5:00,2,2,0
8/22/2015 6:00,0,0,0
8/22/2015 7:00,3,2,1
8/22/2015 8:00,3,3,0
8/22/2015 9:00,0,0,0
8/22/2015 10:00,6,6,0
8/22/2015 11:00,2,0,2
8/22/2015 12:00,6,3,3
8/22/2015 13:00,3,1,2
8/22/2015 14:00,6,2,4
8/22/2015 15:00,4,1,3
8/22/2015 16:00,5,3,2
8/22/2015 17:00,2,0,2
8/22/2015 18:00,2,1,1
8/22/2015 19:00,3,1,2
8/22/2015 20:00,2,1,1
8/22/2015 21:00,1,0,1
8/22/2015 22:00,0,0,0
8/22/2015 23:00,0,0,0
8/23/2015 0:00,0,0,0
8/23/2015 1:00,1,0,1
8/23/2015 2:00,0,0,0
8/23/2015 3:00,0,0,0
8/23/2015 4:00,2,0,2
8/23/2015 5:00,0,0,0
8/23/2015 6:00,1,0,1
8/23/2015 7:00,0,0,0
8/23/2015 8:00,4,4,0
8/23/2015 9:00,2,2,0
8/23/2015 10:00,4,4,0
8/23/2015 11:00,3,3,0
8/23/2015 12:00,6,6,0
8/23/2015 13:00,9,6,3
8/23/2015 14:00,0,0,0
8/23/2015 15:00,2,1,1
8/23/2015 16:00,3,3,0
8/23/2015 17:00,3,3,0
8/23/2015 18:00,1,1,0
8/23/2015 19:00,3,0,3
8/23/2015 20:00,5,0,5
8/23/2015 21:00,1,0,1
8/23/2015 22:00,1,0,1
8/23/2015 23:00,2,1,1
8/24/2015 0:00,0,0,0
8/24/2015 1:00,0,0,0
8/24/2015 2:00,0,0,0
8/24/2015 3:00,0,0,0
8/24/2015 4:00,2,2,0
8/24/2015 5:00,2,1,1
8/24/2015 6:00,4,4,0
8/24/2015 7:00,16,13,3
8/24/2015 8:00,12,10,2
8/24/2015 9:00,6,4,2
8/24/2015 10:00,4,2,2
8/24/2015 11:00,2,2,0
8/24/2015 12:00,0,0,0
8/24/2015 13:00,2,2,0
8/24/2015 14:00,2,1,1
8/24/2015 15:00,6,6,0
8/24/2015 16:00,2,1,1
8/24/2015 17:00,7,1,6
8/24/2015 18:00,4,2,2
8/24/2015 19:00,2,2,0
8/24/2015 20:00,3,2,1
8/24/2015 21:00,0,0,0
8/24/2015 22:00,0,0,0
8/24/2015 23:00,0,0,0
8/25/2015 0:00,0,0,0
8/25/2015 1:00,0,0,0
8/25/2015 2:00,0,0,0
8/25/2015 3:00,0,0,0
8/25/2015 4:00,1,1,0
8/25/2015 5:00,0,0,0
8/25/2015 6:00,7,7,0
8/25/2015 7:00,21,21,0
8/25/2015 8:00,16,16,0
8/25/2015 9:00,2,2,0
8/25/2015 10:00,2,2,0
8/25/2015 11:00,5,5,0
8/25/2015 12:00,2,1,1
8/25/2015 13:00,4,4,0
8/25/2015 14:00,3,2,1
8/25/2015 15:00,4,2,2
8/25/2015 16:00,4,2,2
8/25/2015 17:00,14,6,8
8/25/2015 18:00,4,4,0
8/25/2015 19:00,2,1,1
8/25/2015 20:00,3,2,1
8/25/2015 21:00,0,0,0
8/25/2015 22:00,0,0,0
8/25/2015 23:00,0,0,0
8/26/2015 0:00,0,0,0
8/26/2015 1:00,0,0,0
8/26/2015 2:00,0,0,0
8/26/2015 3:00,0,0,0
8/26/2015 4:00,4,2,2
8/26/2015 5:00,1,1,0
8/26/2015 6:00,8,8,0
8/26/2015 7:00,13,13,0
8/26/2015 8:00,10,10,0
8/26/2015 9:00,4,4,0
8/26/2015 10:00,12,11,1
8/26/2015 11:00,5,5,0
8/26/2015 12:00,2,2,0
8/26/2015 13:00,1,1,0
8/26/2015 14:00,1,1,0
8/26/2015 15:00,5,3,2
8/26/2015 16:00,4,4,0
8/26/2015 17:00,3,3,0
8/26/2015 18:00,3,1,2
8/26/2015 19:00,3,1,2
8/26/2015 20:00,5,1,4
8/26/2015 21:00,0,0,0
8/26/2015 22:00,2,0,2
8/26/2015 23:00,1,0,1
8/27/2015 0:00,1,0,1
8/27/2015 1:00,0,0,0
8/27/2015 2:00,0,0,0
8/27/2015 3:00,0,0,0
8/27/2015 4:00,3,3,0
8/27/2015 5:00,1,1,0
8/27/2015 6:00,8,8,0
8/27/2015 7:00,20,20,0
8/27/2015 8:00,12,12,0
8/27/2015 9:00,5,5,0
8/27/2015 10:00,3,3,0
8/27/2015 11:00,3,3,0
8/27/2015 12:00,1,1,0
8/27/2015 13:00,0,0,0
8/27/2015 14:00,6,4,2
8/27/2015 15:00,5,4,1
8/27/2015 16:00,12,5,7
8/27/2015 17:00,9,5,4
8/27/2015 18:00,6,3,3
8/27/2015 19:00,4,1,3
8/27/2015 20:00,9,1,8
8/27/2015 21:00,3,1,2
8/27/2015 22:00,3,1,2
8/27/2015 23:00,0,0,0
8/28/2015 0:00,0,0,0
8/28/2015 1:00,0,0,0
8/28/2015 2:00,0,0,0
8/28/2015 3:00,0,0,0
8/28/2015 4:00,0,0,0
8/28/2015 5:00,3,1,2
8/28/2015 6:00,5,5,0
8/28/2015 7:00,10,10,0
8/28/2015 8:00,8,8,0
8/28/2015 9:00,3,3,0
8/28/2015 10:00,2,2,0
8/28/2015 11:00,2,1,1
8/28/2015 12:00,1,1,0
8/28/2015 13:00,2,2,0
8/28/2015 14:00,0,0,0
8/28/2015 15:00,1,1,0
8/28/2015 16:00,4,2,2
8/28/2015 17:00,3,2,1
8/28/2015 18:00,3,0,3
8/28/2015 19:00,0,0,0
8/28/2015 20:00,3,3,0
8/28/2015 21:00,0,0,0
8/28/2015 22:00,0,0,0
8/28/2015 23:00,0,0,0
8/29/2015 0:00,0,0,0
8/29/2015 1:00,2,0,2
8/29/2015 2:00,0,0,0
8/29/2015 3:00,0,0,0
8/29/2015 4:00,0,0,0
8/29/2015 5:00,2,2,0
8/29/2015 6:00,1,1,0
8/29/2015 7:00,2,2,0
8/29/2015 8:00,0,0,0
8/29/2015 9:00,4,2,2
8/29/2015 10:00,0,0,0
8/29/2015 11:00,0,0,0
8/29/2015 12:00,0,0,0
8/29/2015 13:00,0,0,0
8/29/2015 14:00,0,0,0
8/29/2015 15:00,3,3,0
8/29/2015 16:00,2,0,2
8/29/2015 17:00,4,2,2
8/29/2015 18:00,6,0,6
8/29/2015 19:00,2,1,1
8/29/2015 20:00,2,2,0
8/29/2015 21:00,4,0,4
8/29/2015 22:00,3,0,3
8/29/2015 23:00,0,0,0
8/30/2015 0:00,4,0,4
8/30/2015 1:00,4,0,4
8/30/2015 2:00,2,0,2
8/30/2015 3:00,0,0,0
8/30/2015 4:00,0,0,0
8/30/2015 5:00,0,0,0
8/30/2015 6:00,0,0,0
8/30/2015 7:00,7,3,4
8/30/2015 8:00,2,1,1
8/30/2015 9:00,6,3,3
8/30/2015 10:00,2,1,1
8/30/2015 11:00,11,1,10
8/30/2015 12:00,4,0,4
8/30/2015 13:00,1,1,0
8/30/2015 14:00,2,0,2
8/30/2015 15:00,0,0,0
8/30/2015 16:00,4,4,0
8/30/2015 17:00,3,2,1
8/30/2015 18:00,1,1,0
8/30/2015 19:00,0,0,0
8/30/2015 20:00,5,0,5
8/30/2015 21:00,0,0,0
8/30/2015 22:00,0,0,0
8/30/2015 23:00,1,0,1
8/31/2015 0:00,0,0,0
8/31/2015 1:00,1,0,1
8/31/2015 2:00,0,0,0
8/31/2015 3:00,0,0,0
8/31/2015 4:00,2,2,0
8/31/2015 5:00,1,1,0
8/31/2015 6:00,7,5,2
8/31/2015 7:00,14,14,0
8/31/2015 8:00,7,7,0
8/31/2015 9:00,2,0,2
8/31/2015 10:00,1,0,1
8/31/2015 11:00,4,2,2
8/31/2015 12:00,4,1,3
8/31/2015 13:00,1,0,1
8/31/2015 14:00,0,0,0
8/31/2015 15:00,4,4,0
8/31/2015 16:00,5,3,2
8/31/2015 17:00,6,2,4
8/31/2015 18:00,2,1,1
8/31/2015 19:00,4,0,4
8/31/2015 20:00,4,0,4
8/31/2015 21:00,2,0,2
8/31/2015 22:00,0,0,0
8/31/2015 23:00,0,0,0
9/1/2015 0:00,2,0,2
9/1/2015 1:00,1,1,0
9/1/2015 2:00,1,1,0
9/1/2015 3:00,0,0,0
9/1/2015 4:00,3,3,0
9/1/2015 5:00,3,3,0
9/1/2015 6:00,6,6,0
9/1/2015 7:00,11,11,0
9/1/2015 8:00,7,7,0
9/1/2015 9:00,0,0,0
9/1/2015 10:00,0,0,0
9/1/2015 11:00,7,3,4
9/1/2015 12:00,4,1,3
9/1/2015 13:00,7,3,4
9/1/2015 14:00,2,1,1
9/1/2015 15:00,6,1,5
9/1/2015 16:00,3,0,3
9/1/2015 17:00,3,0,3
9/1/2015 18:00,9,2,7
9/1/2015 19:00,3,1,2
9/1/2015 20:00,0,0,0
9/1/2015 21:00,0,0,0
9/1/2015 22:00,1,1,0
9/1/2015 23:00,0,0,0
9/2/2015 0:00,0,0,0
9/2/2015 1:00,0,0,0
9/2/2015 2:00,0,0,0
9/2/2015 3:00,0,0,0
9/2/2015 4:00,3,3,0
9/2/2015 5:00,1,1,0
9/2/2015 6:00,5,5,0
9/2/2015 7:00,24,24,0
9/2/2015 8:00,12,12,0
9/2/2015 9:00,1,1,0
9/2/2015 10:00,3,3,0
9/2/2015 11:00,4,2,2
9/2/2015 12:00,5,5,0
9/2/2015 13:00,3,3,0
9/2/2015 14:00,0,0,0
9/2/2015 15:00,3,3,0
9/2/2015 16:00,6,4,2
9/2/2015 17:00,6,2,4
9/2/2015 18:00,6,4,2
9/2/2015 19:00,2,0,2
9/2/2015 20:00,6,0,6
9/2/2015 21:00,1,0,1
9/2/2015 22:00,6,0,6
9/2/2015 23:00,0,0,0
9/3/2015 0:00,2,0,2
9/3/2015 1:00,1,0,1
9/3/2015 2:00,0,0,0
9/3/2015 3:00,0,0,0
9/3/2015 4:00,2,2,0
9/3/2015 5:00,2,0,2
9/3/2015 6:00,6,6,0
9/3/2015 7:00,12,12,0
9/3/2015 8:00,7,7,0
9/3/2015 9:00,3,3,0
9/3/2015 10:00,2,0,2
9/3/2015 11:00,2,2,0
9/3/2015 12:00,5,4,1
9/3/2015 13:00,1,1,0
9/3/2015 14:00,1,1,0
9/3/2015 15:00,1,1,0
9/3/2015 16:00,3,3,0
9/3/2015 17:00,4,2,2
9/3/2015 18:00,1,1,0
9/3/2015 19:00,1,1,0
9/3/2015 20:00,2,0,2
9/3/2015 21:00,0,0,0
9/3/2015 22:00,0,0,0
9/3/2015 23:00,0,0,0
9/4/2015 0:00,0,0,0
9/4/2015 1:00,0,0,0
9/4/2015 2:00,0,0,0
9/4/2015 3:00,0,0,0
9/4/2015 4:00,2,2,0
9/4/2015 5:00,1,1,0
9/4/2015 6:00,5,5,0
9/4/2015 7:00,7,7,0
9/4/2015 8:00,12,12,0
9/4/2015 9:00,1,1,0
9/4/2015 10:00,1,1,0
9/4/2015 11:00,1,1,0
9/4/2015 12:00,1,1,0
9/4/2015 13:00,4,4,0
9/4/2015 14:00,3,3,0
9/4/2015 15:00,0,0,0
9/4/2015 16:00,1,1,0
9/4/2015 17:00,2,0,2
9/4/2015 18:00,2,2,0
9/4/2015 19:00,0,0,0
9/4/2015 20:00,0,0,0
9/4/2015 21:00,2,2,0
9/4/2015 22:00,0,0,0
9/4/2015 23:00,0,0,0
9/5/2015 0:00,0,0,0
9/5/2015 1:00,2,0,2
9/5/2015 2:00,0,0,0
9/5/2015 3:00,0,0,0
9/5/2015 4:00,0,0,0
9/5/2015 5:00,0,0,0
9/5/2015 6:00,0,0,0
9/5/2015 7:00,1,1,0
9/5/2015 8:00,4,4,0
9/5/2015 9:00,2,2,0
9/5/2015 10:00,1,1,0
9/5/2015 11:00,1,1,0
9/5/2015 12:00,1,1,0
9/5/2015 13:00,1,1,0
9/5/2015 14:00,3,0,3
9/5/2015 15:00,1,1,0
9/5/2015 16:00,1,1,0
9/5/2015 17:00,0,0,0
9/5/2015 18:00,0,0,0
9/5/2015 19:00,0,0,0
9/5/2015 20:00,1,0,1
9/5/2015 21:00,0,0,0
9/5/2015 22:00,2,0,2
9/5/2015 23:00,1,0,1
9/6/2015 0:00,5,0,5
9/6/2015 1:00,0,0,0
9/6/2015 2:00,2,0,2
9/6/2015 3:00,0,0,0
9/6/2015 4:00,0,0,0
9/6/2015 5:00,0,0,0
9/6/2015 6:00,0,0,0
9/6/2015 7:00,0,0,0
9/6/2015 8:00,1,1,0
9/6/2015 9:00,2,0,2
9/6/2015 10:00,2,1,1
9/6/2015 11:00,4,0,4
9/6/2015 12:00,0,0,0
9/6/2015 13:00,3,3,0
9/6/2015 14:00,1,1,0
9/6/2015 15:00,6,4,2
9/6/2015 16:00,1,1,0
9/6/2015 17:00,2,0,2
9/6/2015 18:00,2,2,0
9/6/2015 19:00,0,0,0
9/6/2015 20:00,0,0,0
9/6/2015 21:00,0,0,0
9/6/2015 22:00,0,0,0
9/6/2015 23:00,2,0,2
9/7/2015 0:00,2,0,2
9/7/2015 1:00,0,0,0
9/7/2015 2:00,0,0,0
9/7/2015 3:00,0,0,0
9/7/2015 4:00,0,0,0
9/7/2015 5:00,1,1,0
9/7/2015 6:00,1,0,1
9/7/2015 7:00,0,0,0
9/7/2015 8:00,1,0,1
9/7/2015 9:00,1,1,0
9/7/2015 10:00,5,2,3
9/7/2015 11:00,5,5,0
9/7/2015 12:00,2,1,1
9/7/2015 13:00,3,3,0
9/7/2015 14:00,6,6,0
9/7/2015 15:00,2,2,0
9/7/2015 16:00,3,3,0
9/7/2015 17:00,2,2,0
9/7/2015 18:00,0,0,0
9/7/2015 19:00,3,0,3
9/7/2015 20:00,1,0,1
9/7/2015 21:00,2,1,1
9/7/2015 22:00,2,0,2
9/7/2015 23:00,0,0,0
9/8/2015 0:00,0,0,0
9/8/2015 1:00,0,0,0
9/8/2015 2:00,0,0,0
9/8/2015 3:00,0,0,0
9/8/2015 4:00,1,1,0
9/8/2015 5:00,1,1,0
9/8/2015 6:00,5,5,0
9/8/2015 7:00,12,12,0
9/8/2015 8:00,14,14,0
9/8/2015 9:00,3,3,0
9/8/2015 10:00,3,2,1
9/8/2015 11:00,1,1,0
9/8/2015 12:00,2,1,1
9/8/2015 13:00,2,2,0
9/8/2015 14:00,2,1,1
9/8/2015 15:00,1,1,0
9/8/2015 16:00,5,0,5
9/8/2015 17:00,5,1,4
9/8/2015 18:00,13,2,11
9/8/2015 19:00,4,1,3
9/8/2015 20:00,11,1,10
9/8/2015 21:00,2,0,2
9/8/2015 22:00,0,0,0
9/8/2015 23:00,1,0,1
9/9/2015 0:00,2,0,2
9/9/2015 1:00,0,0,0
9/9/2015 2:00,0,0,0
9/9/2015 3:00,1,1,0
9/9/2015 4:00,2,2,0
9/9/2015 5:00,3,1,2
9/9/2015 6:00,4,4,0
9/9/2015 7:00,15,15,0
9/9/2015 8:00,7,7,0
9/9/2015 9:00,4,3,1
9/9/2015 10:00,3,1,2
9/9/2015 11:00,2,2,0
9/9/2015 12:00,2,2,0
9/9/2015 13:00,4,3,1
9/9/2015 14:00,1,1,0
9/9/2015 15:00,4,0,4
9/9/2015 16:00,3,3,0
9/9/2015 17:00,3,3,0
9/9/2015 18:00,8,7,1
9/9/2015 19:00,1,0,1
9/9/2015 20:00,3,1,2
9/9/2015 21:00,0,0,0
9/9/2015 22:00,1,0,1
9/9/2015 23:00,0,0,0
9/10/2015 0:00,0,0,0
9/10/2015 1:00,1,0,1
9/10/2015 2:00,0,0,0
9/10/2015 3:00,0,0,0
9/10/2015 4:00,3,3,0
9/10/2015 5:00,1,1,0
9/10/2015 6:00,4,4,0
9/10/2015 7:00,19,18,1
9/10/2015 8:00,15,15,0
9/10/2015 9:00,6,5,1
9/10/2015 10:00,2,2,0
9/10/2015 11:00,3,1,2
9/10/2015 12:00,2,2,0
9/10/2015 13:00,1,1,0
9/10/2015 14:00,3,3,0
9/10/2015 15:00,3,3,0
9/10/2015 16:00,4,3,1
9/10/2015 17:00,6,2,4
9/10/2015 18:00,9,0,9
9/10/2015 19:00,8,0,8
9/10/2015 20:00,3,1,2
9/10/2015 21:00,1,0,1
9/10/2015 22:00,0,0,0
9/10/2015 23:00,0,0,0
9/11/2015 0:00,0,0,0
9/11/2015 1:00,0,0,0
9/11/2015 2:00,1,1,0
9/11/2015 3:00,0,0,0
9/11/2015 4:00,2,2,0
9/11/2015 5:00,3,1,2
9/11/2015 6:00,6,6,0
9/11/2015 7:00,14,14,0
9/11/2015 8:00,14,13,1
9/11/2015 9:00,1,1,0
9/11/2015 10:00,4,4,0
9/11/2015 11:00,2,2,0
9/11/2015 12:00,1,1,0
9/11/2015 13:00,1,1,0
9/11/2015 14:00,2,2,0
9/11/2015 15:00,0,0,0
9/11/2015 16:00,11,5,6
9/11/2015 17:00,1,0,1
9/11/2015 18:00,3,0,3
9/11/2015 19:00,2,2,0
9/11/2015 20:00,0,0,0
9/11/2015 21:00,0,0,0
9/11/2015 22:00,1,1,0
9/11/2015 23:00,0,0,0
9/12/2015 0:00,0,0,0
9/12/2015 1:00,0,0,0
9/12/2015 2:00,0,0,0
9/12/2015 3:00,0,0,0
9/12/2015 4:00,0,0,0
9/12/2015 5:00,2,2,0
9/12/2015 6:00,2,2,0
9/12/2015 7:00,1,1,0
9/12/2015 8:00,3,2,1
9/12/2015 9:00,4,1,3
9/12/2015 10:00,3,2,1
9/12/2015 11:00,5,5,0
9/12/2015 12:00,4,2,2
9/12/2015 13:00,7,5,2
9/12/2015 14:00,3,3,0
9/12/2015 15:00,4,2,2
9/12/2015 16:00,6,5,1
9/12/2015 17:00,0,0,0
9/12/2015 18:00,1,1,0
9/12/2015 19:00,0,0,0
9/12/2015 20:00,0,0,0
9/12/2015 21:00,0,0,0
9/12/2015 22:00,0,0,0
9/12/2015 23:00,0,0,0
9/13/2015 0:00,1,1,0
9/13/2015 1:00,0,0,0
9/13/2015 2:00,0,0,0
9/13/2015 3:00,0,0,0
9/13/2015 4:00,0,0,0
9/13/2015 5:00,0,0,0
9/13/2015 6:00,0,0,0
9/13/2015 7:00,1,1,0
9/13/2015 8:00,0,0,0
9/13/2015 9:00,4,4,0
9/13/2015 10:00,1,1,0
9/13/2015 11:00,2,2,0
9/13/2015 12:00,0,0,0
9/13/2015 13:00,1,1,0
9/13/2015 14:00,5,3,2
9/13/2015 15:00,2,2,0
9/13/2015 16:00,1,1,0
9/13/2015 17:00,0,0,0
9/13/2015 18:00,4,1,3
9/13/2015 19:00,10,4,6
9/13/2015 20:00,1,0,1
9/13/2015 21:00,1,0,1
9/13/2015 22:00,0,0,0
9/13/2015 23:00,0,0,0
9/14/2015 0:00,1,0,1
9/14/2015 1:00,0,0,0
9/14/2015 2:00,0,0,0
9/14/2015 3:00,0,0,0
9/14/2015 4:00,2,2,0
9/14/2015 5:00,5,3,2
9/14/2015 6:00,5,5,0
9/14/2015 7:00,12,12,0
9/14/2015 8:00,13,11,2
9/14/2015 9:00,2,2,0
9/14/2015 10:00,1,1,0
9/14/2015 11:00,4,2,2
9/14/2015 12:00,1,1,0
9/14/2015 13:00,4,4,0
9/14/2015 14:00,1,1,0
9/14/2015 15:00,2,2,0
9/14/2015 16:00,5,4,1
9/14/2015 17:00,0,0,0
9/14/2015 18:00,1,1,0
9/14/2015 19:00,1,1,0
9/14/2015 20:00,1,1,0
9/14/2015 21:00,1,1,0
9/14/2015 22:00,0,0,0
9/14/2015 23:00,0,0,0
9/15/2015 0:00,0,0,0
9/15/2015 1:00,0,0,0
9/15/2015 2:00,0,0,0
9/15/2015 3:00,0,0,0
9/15/2015 4:00,2,2,0
9/15/2015 5:00,1,1,0
9/15/2015 6:00,6,6,0
9/15/2015 7:00,19,18,1
9/15/2015 8:00,12,11,1
9/15/2015 9:00,4,2,2
9/15/2015 10:00,4,3,1
9/15/2015 11:00,3,3,0
9/15/2015 12:00,2,1,1
9/15/2015 13:00,1,1,0
9/15/2015 14:00,3,0,3
9/15/2015 15:00,2,0,2
9/15/2015 16:00,14,2,12
9/15/2015 17:00,13,1,12
9/15/2015 18:00,23,3,20
9/15/2015 19:00,11,1,10
9/15/2015 20:00,2,0,2
9/15/2015 21:00,0,0,0
9/15/2015 22:00,3,0,3
9/15/2015 23:00,2,0,2
9/16/2015 0:00,2,0,2
9/16/2015 1:00,0,0,0
9/16/2015 2:00,0,0,0
9/16/2015 3:00,0,0,0
9/16/2015 4:00,3,3,0
9/16/2015 5:00,5,3,2
9/16/2015 6:00,5,5,0
9/16/2015 7:00,16,16,0
9/16/2015 8:00,14,14,0
9/16/2015 9:00,4,4,0
9/16/2015 10:00,1,1,0
9/16/2015 11:00,5,3,2
9/16/2015 12:00,4,3,1
9/16/2015 13:00,2,1,1
9/16/2015 14:00,4,0,4
9/16/2015 15:00,9,1,8
9/16/2015 16:00,21,5,16
9/16/2015 17:00,25,3,22
9/16/2015 18:00,5,1,4
9/16/2015 19:00,23,2,21
9/16/2015 20:00,9,0,9
9/16/2015 21:00,7,0,7
9/16/2015 22:00,4,0,4
9/16/2015 23:00,0,0,0
9/17/2015 0:00,0,0,0
9/17/2015 1:00,0,0,0
9/17/2015 2:00,0,0,0
9/17/2015 3:00,0,0,0
9/17/2015 4:00,3,2,1
9/17/2015 5:00,2,0,2
9/17/2015 6:00,5,5,0
9/17/2015 7:00,9,9,0
9/17/2015 8:00,10,9,1
9/17/2015 9:00,5,5,0
9/17/2015 10:00,0,0,0
9/17/2015 11:00,1,1,0
9/17/2015 12:00,1,1,0
9/17/2015 13:00,0,0,0
9/17/2015 14:00,2,0,2
9/17/2015 15:00,7,3,4
9/17/2015 16:00,8,1,7
9/17/2015 17:00,9,0,9
9/17/2015 18:00,3,0,3
9/17/2015 19:00,5,1,4
9/17/2015 20:00,9,0,9
9/17/2015 21:00,0,0,0
9/17/2015 22:00,1,0,1
9/17/2015 23:00,0,0,0
9/18/2015 0:00,0,0,0
9/18/2015 1:00,0,0,0
9/18/2015 2:00,0,0,0
9/18/2015 3:00,0,0,0
9/18/2015 4:00,2,2,0
9/18/2015 5:00,0,0,0
9/18/2015 6:00,3,3,0
9/18/2015 7:00,7,7,0
9/18/2015 8:00,14,14,0
9/18/2015 9:00,1,1,0
9/18/2015 10:00,2,2,0
9/18/2015 11:00,3,3,0
9/18/2015 12:00,0,0,0
9/18/2015 13:00,1,1,0
9/18/2015 14:00,1,1,0
9/18/2015 15:00,2,2,0
9/18/2015 16:00,5,3,2
9/18/2015 17:00,1,0,1
9/18/2015 18:00,2,0,2
9/18/2015 19:00,0,0,0
9/18/2015 20:00,0,0,0
9/18/2015 21:00,4,2,2
9/18/2015 22:00,0,0,0
9/18/2015 23:00,0,0,0
9/19/2015 0:00,0,0,0
9/19/2015 1:00,0,0,0
9/19/2015 2:00,0,0,0
9/19/2015 3:00,0,0,0
9/19/2015 4:00,0,0,0
9/19/2015 5:00,3,3,0
9/19/2015 6:00,3,3,0
9/19/2015 7:00,0,0,0
9/19/2015 8:00,1,1,0
9/19/2015 9:00,4,4,0
9/19/2015 10:00,4,4,0
9/19/2015 11:00,0,0,0
9/19/2015 12:00,1,0,1
9/19/2015 13:00,5,2,3
9/19/2015 14:00,3,3,0
9/19/2015 15:00,4,2,2
9/19/2015 16:00,3,3,0
9/19/2015 17:00,5,1,4
9/19/2015 18:00,1,1,0
9/19/2015 19:00,2,2,0
9/19/2015 20:00,0,0,0
9/19/2015 21:00,1,0,1
9/19/2015 22:00,0,0,0
9/19/2015 23:00,0,0,0
9/20/2015 0:00,0,0,0
9/20/2015 1:00,0,0,0
9/20/2015 2:00,0,0,0
9/20/2015 3:00,0,0,0
9/20/2015 4:00,1,1,0
9/20/2015 5:00,0,0,0
9/20/2015 6:00,0,0,0
9/20/2015 7:00,0,0,0
9/20/2015 8:00,0,0,0
9/20/2015 9:00,6,6,0
9/20/2015 10:00,0,0,0
9/20/2015 11:00,3,2,1
9/20/2015 12:00,4,4,0
9/20/2015 13:00,3,2,1
9/20/2015 14:00,4,3,1
9/20/2015 15:00,5,2,3
9/20/2015 16:00,2,0,2
9/20/2015 17:00,2,1,1
9/20/2015 18:00,1,1,0
9/20/2015 19:00,1,1,0
9/20/2015 20:00,1,0,1
9/20/2015 21:00,2,0,2
9/20/2015 22:00,0,0,0
9/20/2015 23:00,0,0,0
9/21/2015 0:00,0,0,0
9/21/2015 1:00,0,0,0
9/21/2015 2:00,0,0,0
9/21/2015 3:00,0,0,0
9/21/2015 4:00,1,1,0
9/21/2015 5:00,0,0,0
9/21/2015 6:00,6,6,0
9/21/2015 7:00,16,16,0
9/21/2015 8:00,9,8,1
9/21/2015 9:00,4,4,0
9/21/2015 10:00,8,3,5
9/21/2015 11:00,6,4,2
9/21/2015 12:00,3,0,3
9/21/2015 13:00,5,2,3
9/21/2015 14:00,2,1,1
9/21/2015 15:00,3,2,1
9/21/2015 16:00,5,0,5
9/21/2015 17:00,12,3,9
9/21/2015 18:00,8,1,7
9/21/2015 19:00,2,0,2
9/21/2015 20:00,0,0,0
9/21/2015 21:00,0,0,0
9/21/2015 22:00,0,0,0
9/21/2015 23:00,1,1,0
9/22/2015 0:00,0,0,0
9/22/2015 1:00,0,0,0
9/22/2015 2:00,0,0,0
9/22/2015 3:00,0,0,0
9/22/2015 4:00,3,1,2
9/22/2015 5:00,1,1,0
9/22/2015 6:00,12,12,0
9/22/2015 7:00,17,17,0
9/22/2015 8:00,16,16,0
9/22/2015 9:00,4,4,0
9/22/2015 10:00,1,1,0
9/22/2015 11:00,2,2,0
9/22/2015 12:00,3,2,1
9/22/2015 13:00,6,2,4
9/22/2015 14:00,2,2,0
9/22/2015 15:00,3,1,2
9/22/2015 16:00,7,4,3
9/22/2015 17:00,8,4,4
9/22/2015 18:00,6,3,3
9/22/2015 19:00,3,1,2
9/22/2015 20:00,2,2,0
9/22/2015 21:00,0,0,0
9/22/2015 22:00,0,0,0
9/22/2015 23:00,0,0,0
9/23/2015 0:00,0,0,0
9/23/2015 1:00,0,0,0
9/23/2015 2:00,0,0,0
9/23/2015 3:00,0,0,0
9/23/2015 4:00,0,0,0
9/23/2015 5:00,3,1,2
9/23/2015 6:00,7,7,0
9/23/2015 7:00,21,21,0
9/23/2015 8:00,12,12,0
9/23/2015 9:00,3,3,0
9/23/2015 10:00,0,0,0
9/23/2015 11:00,1,1,0
9/23/2015 12:00,1,1,0
9/23/2015 13:00,5,5,0
9/23/2015 14:00,1,1,0
9/23/2015 15:00,4,3,1
9/23/2015 16:00,7,0,7
9/23/2015 17:00,11,2,9
9/23/2015 18:00,5,2,3
9/23/2015 19:00,2,2,0
9/23/2015 20:00,1,0,1
9/23/2015 21:00,0,0,0
9/23/2015 22:00,1,0,1
9/23/2015 23:00,0,0,0
9/24/2015 0:00,0,0,0
9/24/2015 1:00,0,0,0
9/24/2015 2:00,0,0,0
9/24/2015 3:00,0,0,0
9/24/2015 4:00,1,1,0
9/24/2015 5:00,4,4,0
9/24/2015 6:00,10,10,0
9/24/2015 7:00,10,10,0
9/24/2015 8:00,14,14,0
9/24/2015 9:00,4,4,0
9/24/2015 10:00,2,1,1
9/24/2015 11:00,0,0,0
9/24/2015 12:00,5,2,3
9/24/2015 13:00,6,3,3
9/24/2015 14:00,3,2,1
9/24/2015 15:00,1,1,0
9/24/2015 16:00,9,1,8
9/24/2015 17:00,0,0,0
9/24/2015 18:00,1,1,0
9/24/2015 19:00,4,1,3
9/24/2015 20:00,4,0,4
9/24/2015 21:00,5,3,2
9/24/2015 22:00,0,0,0
9/24/2015 23:00,0,0,0
9/25/2015 0:00,2,0,2
9/25/2015 1:00,0,0,0
9/25/2015 2:00,0,0,0
9/25/2015 3:00,0,0,0
9/25/2015 4:00,0,0,0
9/25/2015 5:00,1,1,0
9/25/2015 6:00,7,7,0
9/25/2015 7:00,7,7,0
9/25/2015 8:00,7,5,2
9/25/2015 9:00,4,3,1
9/25/2015 10:00,0,0,0
9/25/2015 11:00,1,1,0
9/25/2015 12:00,0,0,0
9/25/2015 13:00,1,1,0
9/25/2015 14:00,1,0,1
9/25/2015 15:00,2,0,2
9/25/2015 16:00,3,3,0
9/25/2015 17:00,0,0,0
9/25/2015 18:00,1,0,1
9/25/2015 19:00,0,0,0
9/25/2015 20:00,0,0,0
9/25/2015 21:00,1,1,0
9/25/2015 22:00,1,0,1
9/25/2015 23:00,0,0,0
9/26/2015 0:00,0,0,0
9/26/2015 1:00,0,0,0
9/26/2015 2:00,0,0,0
9/26/2015 3:00,0,0,0
9/26/2015 4:00,0,0,0
9/26/2015 5:00,3,3,0
9/26/2015 6:00,0,0,0
9/26/2015 7:00,1,1,0
9/26/2015 8:00,1,1,0
9/26/2015 9:00,1,1,0
9/26/2015 10:00,3,3,0
9/26/2015 11:00,0,0,0
9/26/2015 12:00,0,0,0
9/26/2015 13:00,6,3,3
9/26/2015 14:00,4,2,2
9/26/2015 15:00,3,1,2
9/26/2015 16:00,2,1,1
9/26/2015 17:00,1,1,0
9/26/2015 18:00,6,4,2
9/26/2015 19:00,1,1,0
9/26/2015 20:00,1,0,1
9/26/2015 21:00,0,0,0
9/26/2015 22:00,2,0,2
9/26/2015 23:00,0,0,0
9/27/2015 0:00,0,0,0
9/27/2015 1:00,0,0,0
9/27/2015 2:00,0,0,0
9/27/2015 3:00,0,0,0
9/27/2015 4:00,1,1,0
9/27/2015 5:00,0,0,0
9/27/2015 6:00,4,1,3
9/27/2015 7:00,0,0,0
9/27/2015 8:00,1,1,0
9/27/2015 9:00,2,2,0
9/27/2015 10:00,1,1,0
9/27/2015 11:00,6,6,0
9/27/2015 12:00,1,1,0
9/27/2015 13:00,1,0,1
9/27/2015 14:00,3,3,0
9/27/2015 15:00,1,1,0
9/27/2015 16:00,3,2,1
9/27/2015 17:00,1,1,0
9/27/2015 18:00,1,1,0
9/27/2015 19:00,0,0,0
9/27/2015 20:00,0,0,0
9/27/2015 21:00,0,0,0
9/27/2015 22:00,1,0,1
9/27/2015 23:00,0,0,0
9/28/2015 0:00,0,0,0
9/28/2015 1:00,0,0,0
9/28/2015 2:00,0,0,0
9/28/2015 3:00,0,0,0
9/28/2015 4:00,0,0,0
9/28/2015 5:00,1,1,0
9/28/2015 6:00,3,3,0
9/28/2015 7:00,17,17,0
9/28/2015 8:00,12,12,0
9/28/2015 9:00,4,3,1
9/28/2015 10:00,1,1,0
9/28/2015 11:00,3,3,0
9/28/2015 12:00,4,4,0
9/28/2015 13:00,2,2,0
9/28/2015 14:00,2,2,0
9/28/2015 15:00,5,5,0
9/28/2015 16:00,8,2,6
9/28/2015 17:00,4,2,2
9/28/2015 18:00,10,1,9
9/28/2015 19:00,10,0,10
9/28/2015 20:00,6,1,5
9/28/2015 21:00,1,1,0
9/28/2015 22:00,4,1,3
9/28/2015 23:00,1,1,0
9/29/2015 0:00,0,0,0
9/29/2015 1:00,1,0,1
9/29/2015 2:00,0,0,0
9/29/2015 3:00,1,1,0
9/29/2015 4:00,0,0,0
9/29/2015 5:00,3,1,2
9/29/2015 6:00,5,3,2
9/29/2015 7:00,13,12,1
9/29/2015 8:00,26,16,10
9/29/2015 9:00,22,3,19
9/29/2015 10:00,11,4,7
9/29/2015 11:00,6,2,4
9/29/2015 12:00,3,0,3
9/29/2015 13:00,4,1,3
9/29/2015 14:00,3,3,0
9/29/2015 15:00,1,1,0
9/29/2015 16:00,4,1,3
9/29/2015 17:00,9,4,5
9/29/2015 18:00,13,2,11
9/29/2015 19:00,1,1,0
9/29/2015 20:00,7,0,7
9/29/2015 21:00,0,0,0
9/29/2015 22:00,3,1,2
9/29/2015 23:00,0,0,0
9/30/2015 0:00,0,0,0
9/30/2015 1:00,0,0,0
9/30/2015 2:00,0,0,0
9/30/2015 3:00,1,1,0
9/30/2015 4:00,0,0,0
9/30/2015 5:00,4,2,2
9/30/2015 6:00,6,6,0
9/30/2015 7:00,17,17,0
9/30/2015 8:00,9,8,1
9/30/2015 9:00,6,5,1
9/30/2015 10:00,2,1,1
9/30/2015 11:00,3,2,1
9/30/2015 12:00,2,1,1
9/30/2015 13:00,5,2,3
9/30/2015 14:00,3,2,1
9/30/2015 15:00,8,5,3
9/30/2015 16:00,13,13,0
9/30/2015 17:00,15,1,14
9/30/2015 18:00,8,3,5
9/30/2015 19:00,2,0,2
9/30/2015 20:00,5,0,5
9/30/2015 21:00,1,0,1
9/30/2015 22:00,3,0,3
9/30/2015 23:00,2,1,1
10/1/2015 0:00,1,0,1
10/1/2015 1:00,2,1,1
10/1/2015 2:00,0,0,0
10/1/2015 3:00,0,0,0
10/1/2015 4:00,2,2,0
10/1/2015 5:00,4,2,2
10/1/2015 6:00,8,8,0
10/1/2015 7:00,15,15,0
10/1/2015 8:00,14,13,1
10/1/2015 9:00,8,3,5
10/1/2015 10:00,7,4,3
10/1/2015 11:00,1,1,0
10/1/2015 12:00,4,1,3
10/1/2015 13:00,1,0,1
10/1/2015 14:00,3,1,2
10/1/2015 15:00,5,2,3
10/1/2015 16:00,8,1,7
10/1/2015 17:00,6,2,4
10/1/2015 18:00,6,0,6
10/1/2015 19:00,3,1,2
10/1/2015 20:00,2,0,2
10/1/2015 21:00,0,0,0
10/1/2015 22:00,2,0,2
10/1/2015 23:00,0,0,0
10/2/2015 0:00,0,0,0
10/2/2015 1:00,0,0,0
10/2/2015 2:00,0,0,0
10/2/2015 3:00,0,0,0
10/2/2015 4:00,1,1,0
10/2/2015 5:00,4,2,2
10/2/2015 6:00,7,6,1
10/2/2015 7:00,9,9,0
10/2/2015 8:00,11,11,0
10/2/2015 9:00,7,4,3
10/2/2015 10:00,2,0,2
10/2/2015 11:00,1,1,0
10/2/2015 12:00,2,2,0
10/2/2015 13:00,3,1,2
10/2/2015 14:00,3,1,2
10/2/2015 15:00,7,0,7
10/2/2015 16:00,2,0,2
10/2/2015 17:00,7,1,6
10/2/2015 18:00,8,0,8
10/2/2015 19:00,4,0,4
10/2/2015 20:00,2,0,2
10/2/2015 21:00,0,0,0
10/2/2015 22:00,1,0,1
10/2/2015 23:00,4,0,4
10/3/2015 0:00,0,0,0
10/3/2015 1:00,0,0,0
10/3/2015 2:00,0,0,0
10/3/2015 3:00,0,0,0
10/3/2015 4:00,0,0,0
10/3/2015 5:00,4,2,2
10/3/2015 6:00,0,0,0
10/3/2015 7:00,0,0,0
10/3/2015 8:00,2,2,0
10/3/2015 9:00,4,2,2
10/3/2015 10:00,7,3,4
10/3/2015 11:00,5,3,2
10/3/2015 12:00,3,1,2
10/3/2015 13:00,3,1,2
10/3/2015 14:00,0,0,0
10/3/2015 15:00,5,2,3
10/3/2015 16:00,0,0,0
10/3/2015 17:00,0,0,0
10/3/2015 18:00,4,1,3
10/3/2015 19:00,3,1,2
10/3/2015 20:00,2,2,0
10/3/2015 21:00,0,0,0
10/3/2015 22:00,1,1,0
10/3/2015 23:00,0,0,0
10/4/2015 0:00,0,0,0
10/4/2015 1:00,1,0,1
10/4/2015 2:00,0,0,0
10/4/2015 3:00,0,0,0
10/4/2015 4:00,0,0,0
10/4/2015 5:00,1,1,0
10/4/2015 6:00,0,0,0
10/4/2015 7:00,0,0,0
10/4/2015 8:00,3,2,1
10/4/2015 9:00,4,2,2
10/4/2015 10:00,2,0,2
10/4/2015 11:00,7,1,6
10/4/2015 12:00,18,11,7
10/4/2015 13:00,4,2,2
10/4/2015 14:00,10,7,3
10/4/2015 15:00,2,2,0
10/4/2015 16:00,1,1,0
10/4/2015 17:00,3,3,0
10/4/2015 18:00,1,1,0
10/4/2015 19:00,0,0,0
10/4/2015 20:00,0,0,0
10/4/2015 21:00,0,0,0
10/4/2015 22:00,0,0,0
10/4/2015 23:00,0,0,0
10/5/2015 0:00,0,0,0
10/5/2015 1:00,0,0,0
10/5/2015 2:00,0,0,0
10/5/2015 3:00,0,0,0
10/5/2015 4:00,3,3,0
10/5/2015 5:00,3,3,0
10/5/2015 6:00,6,6,0
10/5/2015 7:00,9,9,0
10/5/2015 8:00,14,14,0
10/5/2015 9:00,4,4,0
10/5/2015 10:00,5,5,0
10/5/2015 11:00,4,4,0
10/5/2015 12:00,3,3,0
10/5/2015 13:00,0,0,0
10/5/2015 14:00,1,0,1
10/5/2015 15:00,2,2,0
10/5/2015 16:00,0,0,0
10/5/2015 17:00,4,1,3
10/5/2015 18:00,0,0,0
10/5/2015 19:00,2,2,0
10/5/2015 20:00,3,3,0
10/5/2015 21:00,0,0,0
10/5/2015 22:00,1,1,0
10/5/2015 23:00,0,0,0
10/6/2015 0:00,0,0,0
10/6/2015 1:00,0,0,0
10/6/2015 2:00,2,0,2
10/6/2015 3:00,0,0,0
10/6/2015 4:00,1,1,0
10/6/2015 5:00,1,1,0
10/6/2015 6:00,6,6,0
10/6/2015 7:00,16,14,2
10/6/2015 8:00,10,10,0
10/6/2015 9:00,3,3,0
10/6/2015 10:00,4,4,0
10/6/2015 11:00,1,1,0
10/6/2015 12:00,1,1,0
10/6/2015 13:00,0,0,0
10/6/2015 14:00,2,2,0
10/6/2015 15:00,3,3,0
10/6/2015 16:00,6,2,4
10/6/2015 17:00,3,2,1
10/6/2015 18:00,3,3,0
10/6/2015 19:00,2,2,0
10/6/2015 20:00,1,1,0
10/6/2015 21:00,0,0,0
10/6/2015 22:00,0,0,0
10/6/2015 23:00,0,0,0
10/7/2015 0:00,0,0,0
10/7/2015 1:00,0,0,0
10/7/2015 2:00,0,0,0
10/7/2015 3:00,0,0,0
10/7/2015 4:00,1,1,0
10/7/2015 5:00,0,0,0
10/7/2015 6:00,7,7,0
10/7/2015 7:00,13,10,3
10/7/2015 8:00,9,9,0
10/7/2015 9:00,4,4,0
10/7/2015 10:00,0,0,0
10/7/2015 11:00,0,0,0
10/7/2015 12:00,0,0,0
10/7/2015 13:00,1,1,0
10/7/2015 14:00,0,0,0
10/7/2015 15:00,0,0,0
10/7/2015 16:00,13,11,2
10/7/2015 17:00,1,1,0
10/7/2015 18:00,1,1,0
10/7/2015 19:00,3,3,0
10/7/2015 20:00,0,0,0
10/7/2015 21:00,0,0,0
10/7/2015 22:00,0,0,0
10/7/2015 23:00,0,0,0
10/8/2015 0:00,0,0,0
10/8/2015 1:00,0,0,0
10/8/2015 2:00,0,0,0
10/8/2015 3:00,0,0,0
10/8/2015 4:00,3,3,0
10/8/2015 5:00,3,3,0
10/8/2015 6:00,4,4,0
10/8/2015 7:00,10,10,0
10/8/2015 8:00,8,8,0
10/8/2015 9:00,2,2,0
10/8/2015 10:00,2,2,0
10/8/2015 11:00,4,4,0
10/8/2015 12:00,2,2,0
10/8/2015 13:00,0,0,0
10/8/2015 14:00,1,1,0
10/8/2015 15:00,0,0,0
10/8/2015 16:00,7,7,0
10/8/2015 17:00,4,4,0
10/8/2015 18:00,9,9,0
10/8/2015 19:00,3,3,0
10/8/2015 20:00,2,2,0
10/8/2015 21:00,0,0,0
10/8/2015 22:00,1,1,0
10/8/2015 23:00,0,0,0
10/9/2015 0:00,0,0,0
10/9/2015 1:00,1,1,0
10/9/2015 2:00,0,0,0
10/9/2015 3:00,3,3,0
10/9/2015 4:00,1,1,0
10/9/2015 5:00,1,1,0
10/9/2015 6:00,7,7,0
10/9/2015 7:00,9,7,2
10/9/2015 8:00,12,12,0
10/9/2015 9:00,6,6,0
10/9/2015 10:00,2,2,0
10/9/2015 11:00,3,3,0
10/9/2015 12:00,0,0,0
10/9/2015 13:00,2,2,0
10/9/2015 14:00,3,3,0
10/9/2015 15:00,3,3,0
10/9/2015 16:00,1,1,0
10/9/2015 17:00,2,2,0
10/9/2015 18:00,7,7,0
10/9/2015 19:00,2,2,0
10/9/2015 20:00,0,0,0
10/9/2015 21:00,4,4,0
10/9/2015 22:00,0,0,0
10/9/2015 23:00,0,0,0
10/10/2015 0:00,0,0,0
10/10/2015 1:00,0,0,0
10/10/2015 2:00,0,0,0
10/10/2015 3:00,0,0,0
10/10/2015 4:00,0,0,0
10/10/2015 5:00,1,1,0
10/10/2015 6:00,0,0,0
10/10/2015 7:00,0,0,0
10/10/2015 8:00,4,4,0
10/10/2015 9:00,0,0,0
10/10/2015 10:00,1,1,0
10/10/2015 11:00,0,0,0
10/10/2015 12:00,2,2,0
10/10/2015 13:00,1,0,1
10/10/2015 14:00,0,0,0
10/10/2015 15:00,0,0,0
10/10/2015 16:00,0,0,0
10/10/2015 17:00,0,0,0
10/10/2015 18:00,0,0,0
10/10/2015 19:00,0,0,0
10/10/2015 20:00,0,0,0
10/10/2015 21:00,0,0,0
10/10/2015 22:00,0,0,0
10/10/2015 23:00,0,0,0
10/11/2015 0:00,0,0,0
10/11/2015 1:00,0,0,0
10/11/2015 2:00,0,0,0
10/11/2015 3:00,0,0,0
10/11/2015 4:00,0,0,0
10/11/2015 5:00,1,1,0
10/11/2015 6:00,0,0,0
10/11/2015 7:00,0,0,0
10/11/2015 8:00,0,0,0
10/11/2015 9:00,5,5,0
10/11/2015 10:00,2,2,0
10/11/2015 11:00,4,4,0
10/11/2015 12:00,5,5,0
10/11/2015 13:00,5,3,2
10/11/2015 14:00,3,3,0
10/11/2015 15:00,4,3,1
10/11/2015 16:00,6,6,0
10/11/2015 17:00,1,1,0
10/11/2015 18:00,1,1,0
10/11/2015 19:00,0,0,0
10/11/2015 20:00,1,1,0
10/11/2015 21:00,0,0,0
10/11/2015 22:00,0,0,0
10/11/2015 23:00,0,0,0
10/12/2015 0:00,0,0,0
10/12/2015 1:00,0,0,0
10/12/2015 2:00,0,0,0
10/12/2015 3:00,0,0,0
10/12/2015 4:00,1,1,0
10/12/2015 5:00,3,3,0
10/12/2015 6:00,5,5,0
10/12/2015 7:00,14,14,0
10/12/2015 8:00,10,10,0
10/12/2015 9:00,2,2,0
10/12/2015 10:00,1,1,0
10/12/2015 11:00,3,3,0
10/12/2015 12:00,1,1,0
10/12/2015 13:00,2,2,0
10/12/2015 14:00,4,4,0
10/12/2015 15:00,4,4,0
10/12/2015 16:00,6,6,0
10/12/2015 17:00,5,5,0
10/12/2015 18:00,7,7,0
10/12/2015 19:00,12,12,0
10/12/2015 20:00,0,0,0
10/12/2015 21:00,3,3,0
10/12/2015 22:00,0,0,0
10/12/2015 23:00,0,0,0
10/13/2015 0:00,0,0,0
10/13/2015 1:00,0,0,0
10/13/2015 2:00,0,0,0
10/13/2015 3:00,0,0,0
10/13/2015 4:00,3,3,0
10/13/2015 5:00,1,1,0
10/13/2015 6:00,9,9,0
10/13/2015 7:00,13,13,0
10/13/2015 8:00,16,16,0
10/13/2015 9:00,3,3,0
10/13/2015 10:00,0,0,0
10/13/2015 11:00,5,5,0
10/13/2015 12:00,3,3,0
10/13/2015 13:00,2,2,0
10/13/2015 14:00,2,2,0
10/13/2015 15:00,3,3,0
10/13/2015 16:00,4,4,0
10/13/2015 17:00,3,3,0
10/13/2015 18:00,12,9,3
10/13/2015 19:00,6,4,2
10/13/2015 20:00,3,3,0
10/13/2015 21:00,1,0,1
10/13/2015 22:00,0,0,0
10/13/2015 23:00,2,2,0
10/14/2015 0:00,0,0,0
10/14/2015 1:00,0,0,0
10/14/2015 2:00,0,0,0
10/14/2015 3:00,0,0,0
10/14/2015 4:00,2,2,0
10/14/2015 5:00,4,4,0
10/14/2015 6:00,11,11,0
10/14/2015 7:00,22,22,0
10/14/2015 8:00,8,8,0
10/14/2015 9:00,5,5,0
10/14/2015 10:00,1,1,0
10/14/2015 11:00,6,6,0
10/14/2015 12:00,1,1,0
10/14/2015 13:00,1,1,0
10/14/2015 14:00,3,1,2
10/14/2015 15:00,5,5,0
10/14/2015 16:00,11,11,0
10/14/2015 17:00,3,3,0
10/14/2015 18:00,4,4,0
10/14/2015 19:00,7,7,0
10/14/2015 20:00,1,0,1
10/14/2015 21:00,1,1,0
10/14/2015 22:00,0,0,0
10/14/2015 23:00,0,0,0
10/15/2015 0:00,1,1,0
10/15/2015 1:00,0,0,0
10/15/2015 2:00,0,0,0
10/15/2015 3:00,0,0,0
10/15/2015 4:00,2,2,0
10/15/2015 5:00,1,1,0
10/15/2015 6:00,5,5,0
10/15/2015 7:00,9,9,0
10/15/2015 8:00,10,10,0
10/15/2015 9:00,4,4,0
10/15/2015 10:00,5,5,0
10/15/2015 11:00,2,2,0
10/15/2015 12:00,1,0,1
10/15/2015 13:00,1,1,0
10/15/2015 14:00,6,6,0
10/15/2015 15:00,1,1,0
10/15/2015 16:00,6,6,0
10/15/2015 17:00,2,2,0
10/15/2015 18:00,5,5,0
10/15/2015 19:00,3,3,0
10/15/2015 20:00,0,0,0
10/15/2015 21:00,0,0,0
10/15/2015 22:00,0,0,0
10/15/2015 23:00,0,0,0
10/16/2015 0:00,0,0,0
10/16/2015 1:00,0,0,0
10/16/2015 2:00,0,0,0
10/16/2015 3:00,0,0,0
10/16/2015 4:00,1,1,0
10/16/2015 5:00,0,0,0
10/16/2015 6:00,5,5,0
10/16/2015 7:00,12,12,0
10/16/2015 8:00,18,18,0
10/16/2015 9:00,3,1,2
10/16/2015 10:00,4,4,0
10/16/2015 11:00,3,3,0
10/16/2015 12:00,3,3,0
10/16/2015 13:00,0,0,0
10/16/2015 14:00,6,6,0
10/16/2015 15:00,2,2,0
10/16/2015 16:00,4,3,1
10/16/2015 17:00,5,5,0
10/16/2015 18:00,5,5,0
10/16/2015 19:00,2,2,0
10/16/2015 20:00,2,2,0
10/16/2015 21:00,0,0,0
10/16/2015 22:00,3,2,1
10/16/2015 23:00,0,0,0
10/17/2015 0:00,0,0,0
10/17/2015 1:00,0,0,0
10/17/2015 2:00,0,0,0
10/17/2015 3:00,0,0,0
10/17/2015 4:00,0,0,0
10/17/2015 5:00,3,3,0
10/17/2015 6:00,3,3,0
10/17/2015 7:00,1,1,0
10/17/2015 8:00,2,2,0
10/17/2015 9:00,2,2,0
10/17/2015 10:00,1,1,0
10/17/2015 11:00,1,1,0
10/17/2015 12:00,3,3,0
10/17/2015 13:00,5,5,0
10/17/2015 14:00,3,3,0
10/17/2015 15:00,10,8,2
10/17/2015 16:00,5,5,0
10/17/2015 17:00,2,0,2
10/17/2015 18:00,4,4,0
10/17/2015 19:00,0,0,0
10/17/2015 20:00,3,3,0
10/17/2015 21:00,0,0,0
10/17/2015 22:00,1,0,1
10/17/2015 23:00,0,0,0
10/18/2015 0:00,0,0,0
10/18/2015 1:00,0,0,0
10/18/2015 2:00,2,2,0
10/18/2015 3:00,0,0,0
10/18/2015 4:00,0,0,0
10/18/2015 5:00,2,2,0
10/18/2015 6:00,0,0,0
10/18/2015 7:00,1,1,0
10/18/2015 8:00,3,3,0
10/18/2015 9:00,0,0,0
10/18/2015 10:00,1,1,0
10/18/2015 11:00,3,3,0
10/18/2015 12:00,0,0,0
10/18/2015 13:00,2,2,0
10/18/2015 14:00,3,3,0
10/18/2015 15:00,2,2,0
10/18/2015 16:00,0,0,0
10/18/2015 17:00,1,1,0
10/18/2015 18:00,2,2,0
10/18/2015 19:00,0,0,0
10/18/2015 20:00,2,2,0
10/18/2015 21:00,0,0,0
10/18/2015 22:00,0,0,0
10/18/2015 23:00,0,0,0
10/19/2015 0:00,0,0,0
10/19/2015 1:00,0,0,0
10/19/2015 2:00,0,0,0
10/19/2015 3:00,1,1,0
10/19/2015 4:00,1,1,0
10/19/2015 5:00,4,4,0
10/19/2015 6:00,7,7,0
10/19/2015 7:00,10,10,0
10/19/2015 8:00,7,7,0
10/19/2015 9:00,0,0,0
10/19/2015 10:00,0,0,0
10/19/2015 11:00,2,2,0
10/19/2015 12:00,0,0,0
10/19/2015 13:00,0,0,0
10/19/2015 14:00,1,1,0
10/19/2015 15:00,7,7,0
10/19/2015 16:00,5,2,3
10/19/2015 17:00,5,3,2
10/19/2015 18:00,9,9,0
10/19/2015 19:00,2,2,0
10/19/2015 20:00,1,1,0
10/19/2015 21:00,2,0,2
10/19/2015 22:00,0,0,0
10/19/2015 23:00,0,0,0
10/20/2015 0:00,0,0,0
10/20/2015 1:00,0,0,0
10/20/2015 2:00,0,0,0
10/20/2015 3:00,0,0,0
10/20/2015 4:00,1,1,0
10/20/2015 5:00,2,2,0
10/20/2015 6:00,8,8,0
10/20/2015 7:00,12,12,0
10/20/2015 8:00,10,8,2
10/20/2015 9:00,2,2,0
10/20/2015 10:00,3,1,2
10/20/2015 11:00,1,1,0
10/20/2015 12:00,5,5,0
10/20/2015 13:00,0,0,0
10/20/2015 14:00,4,4,0
10/20/2015 15:00,4,4,0
10/20/2015 16:00,7,7,0
10/20/2015 17:00,8,8,0
10/20/2015 18:00,3,2,1
10/20/2015 19:00,2,2,0
10/20/2015 20:00,0,0,0
10/20/2015 21:00,2,2,0
10/20/2015 22:00,0,0,0
10/20/2015 23:00,1,1,0
10/21/2015 0:00,0,0,0
10/21/2015 1:00,0,0,0
10/21/2015 2:00,0,0,0
10/21/2015 3:00,0,0,0
10/21/2015 4:00,3,3,0
10/21/2015 5:00,3,3,0
10/21/2015 6:00,7,7,0
10/21/2015 7:00,12,12,0
10/21/2015 8:00,7,7,0
10/21/2015 9:00,2,2,0
10/21/2015 10:00,2,2,0
10/21/2015 11:00,2,2,0
10/21/2015 12:00,5,5,0
10/21/2015 13:00,0,0,0
10/21/2015 14:00,2,2,0
10/21/2015 15:00,5,5,0
10/21/2015 16:00,5,5,0
10/21/2015 17:00,4,4,0
10/21/2015 18:00,15,13,2
10/21/2015 19:00,7,7,0
10/21/2015 20:00,0,0,0
10/21/2015 21:00,0,0,0
10/21/2015 22:00,0,0,0
10/21/2015 23:00,0,0,0
10/22/2015 0:00,0,0,0
10/22/2015 1:00,0,0,0
10/22/2015 2:00,0,0,0
10/22/2015 3:00,0,0,0
10/22/2015 4:00,1,1,0
10/22/2015 5:00,3,1,2
10/22/2015 6:00,9,9,0
10/22/2015 7:00,14,14,0
10/22/2015 8:00,14,14,0
10/22/2015 9:00,5,5,0
10/22/2015 10:00,1,1,0
10/22/2015 11:00,5,5,0
10/22/2015 12:00,4,4,0
10/22/2015 13:00,1,1,0
10/22/2015 14:00,5,5,0
10/22/2015 15:00,2,0,2
10/22/2015 16:00,5,5,0
10/22/2015 17:00,0,0,0
10/22/2015 18:00,2,2,0
10/22/2015 19:00,2,2,0
10/22/2015 20:00,4,4,0
10/22/2015 21:00,0,0,0
10/22/2015 22:00,1,1,0
10/22/2015 23:00,0,0,0
10/23/2015 0:00,0,0,0
10/23/2015 1:00,0,0,0
10/23/2015 2:00,0,0,0
10/23/2015 3:00,1,1,0
10/23/2015 4:00,0,0,0
10/23/2015 5:00,3,2,1
10/23/2015 6:00,6,6,0
10/23/2015 7:00,11,11,0
10/23/2015 8:00,11,11,0
10/23/2015 9:00,2,2,0
10/23/2015 10:00,2,2,0
10/23/2015 11:00,3,3,0
10/23/2015 12:00,3,3,0
10/23/2015 13:00,0,0,0
10/23/2015 14:00,4,4,0
10/23/2015 15:00,1,1,0
10/23/2015 16:00,0,0,0
10/23/2015 17:00,4,4,0
10/23/2015 18:00,1,1,0
10/23/2015 19:00,0,0,0
10/23/2015 20:00,5,4,1
10/23/2015 21:00,4,4,0
10/23/2015 22:00,0,0,0
10/23/2015 23:00,2,2,0
10/24/2015 0:00,0,0,0
10/24/2015 1:00,0,0,0
10/24/2015 2:00,0,0,0
10/24/2015 3:00,0,0,0
10/24/2015 4:00,0,0,0
10/24/2015 5:00,3,3,0
10/24/2015 6:00,1,1,0
10/24/2015 7:00,1,0,1
10/24/2015 8:00,1,1,0
10/24/2015 9:00,1,1,0
10/24/2015 10:00,0,0,0
10/24/2015 11:00,3,3,0
10/24/2015 12:00,2,2,0
10/24/2015 13:00,3,3,0
10/24/2015 14:00,5,4,1
10/24/2015 15:00,1,1,0
10/24/2015 16:00,2,2,0
10/24/2015 17:00,0,0,0
10/24/2015 18:00,0,0,0
10/24/2015 19:00,3,1,2
10/24/2015 20:00,0,0,0
10/24/2015 21:00,0,0,0
10/24/2015 22:00,1,1,0
10/24/2015 23:00,0,0,0
10/25/2015 0:00,0,0,0
10/25/2015 1:00,0,0,0
10/25/2015 2:00,0,0,0
10/25/2015 3:00,0,0,0
10/25/2015 4:00,0,0,0
10/25/2015 5:00,1,1,0
10/25/2015 6:00,1,1,0
10/25/2015 7:00,2,0,2
10/25/2015 8:00,0,0,0
10/25/2015 9:00,1,1,0
10/25/2015 10:00,1,1,0
10/25/2015 11:00,1,1,0
10/25/2015 12:00,1,1,0
10/25/2015 13:00,7,7,0
10/25/2015 14:00,2,2,0
10/25/2015 15:00,1,0,1
10/25/2015 16:00,5,2,3
10/25/2015 17:00,1,1,0
10/25/2015 18:00,0,0,0
10/25/2015 19:00,0,0,0
10/25/2015 20:00,0,0,0
10/25/2015 21:00,2,2,0
10/25/2015 22:00,0,0,0
10/25/2015 23:00,0,0,0
10/26/2015 0:00,0,0,0
10/26/2015 1:00,0,0,0
10/26/2015 2:00,1,1,0
10/26/2015 3:00,0,0,0
10/26/2015 4:00,3,1,2
10/26/2015 5:00,0,0,0
10/26/2015 6:00,10,10,0
10/26/2015 7:00,9,9,0
10/26/2015 8:00,9,9,0
10/26/2015 9:00,4,4,0
10/26/2015 10:00,1,1,0
10/26/2015 11:00,0,0,0
10/26/2015 12:00,1,1,0
10/26/2015 13:00,1,1,0
10/26/2015 14:00,8,8,0
10/26/2015 15:00,4,4,0
10/26/2015 16:00,0,0,0
10/26/2015 17:00,7,3,4
10/26/2015 18:00,4,2,2
10/26/2015 19:00,3,3,0
10/26/2015 20:00,3,3,0
10/26/2015 21:00,0,0,0
10/26/2015 22:00,0,0,0
10/26/2015 23:00,0,0,0
10/27/2015 0:00,0,0,0
10/27/2015 1:00,0,0,0
10/27/2015 2:00,0,0,0
10/27/2015 3:00,0,0,0
10/27/2015 4:00,0,0,0
10/27/2015 5:00,0,0,0
10/27/2015 6:00,11,11,0
10/27/2015 7:00,14,14,0
10/27/2015 8:00,8,8,0
10/27/2015 9:00,4,4,0
10/27/2015 10:00,2,2,0
10/27/2015 11:00,2,2,0
10/27/2015 12:00,3,3,0
10/27/2015 13:00,2,2,0
10/27/2015 14:00,4,4,0
10/27/2015 15:00,3,3,0
10/27/2015 16:00,5,5,0
10/27/2015 17:00,2,1,1
10/27/2015 18:00,1,1,0
10/27/2015 19:00,3,3,0
10/27/2015 20:00,2,2,0
10/27/2015 21:00,1,0,1
10/27/2015 22:00,0,0,0
10/27/2015 23:00,0,0,0
10/28/2015 0:00,0,0,0
10/28/2015 1:00,2,2,0
10/28/2015 2:00,0,0,0
10/28/2015 3:00,1,1,0
10/28/2015 4:00,1,1,0
10/28/2015 5:00,1,0,1
10/28/2015 6:00,10,10,0
10/28/2015 7:00,9,9,0
10/28/2015 8:00,10,10,0
10/28/2015 9:00,5,5,0
10/28/2015 10:00,0,0,0
10/28/2015 11:00,0,0,0
10/28/2015 12:00,0,0,0
10/28/2015 13:00,1,1,0
10/28/2015 14:00,0,0,0
10/28/2015 15:00,4,4,0
10/28/2015 16:00,1,1,0
10/28/2015 17:00,8,8,0
10/28/2015 18:00,1,1,0
10/28/2015 19:00,1,1,0
10/28/2015 20:00,3,3,0
10/28/2015 21:00,0,0,0
10/28/2015 22:00,0,0,0
10/28/2015 23:00,0,0,0
10/29/2015 0:00,0,0,0
10/29/2015 1:00,0,0,0
10/29/2015 2:00,0,0,0
10/29/2015 3:00,0,0,0
10/29/2015 4:00,1,1,0
10/29/2015 5:00,3,3,0
10/29/2015 6:00,6,6,0
10/29/2015 7:00,8,8,0
10/29/2015 8:00,7,7,0
10/29/2015 9:00,2,2,0
10/29/2015 10:00,4,4,0
10/29/2015 11:00,1,1,0
10/29/2015 12:00,2,2,0
10/29/2015 13:00,2,2,0
10/29/2015 14:00,1,1,0
10/29/2015 15:00,3,3,0
10/29/2015 16:00,2,2,0
10/29/2015 17:00,2,2,0
10/29/2015 18:00,13,13,0
10/29/2015 19:00,7,7,0
10/29/2015 20:00,5,5,0
10/29/2015 21:00,0,0,0
10/29/2015 22:00,0,0,0
10/29/2015 23:00,0,0,0
10/30/2015 0:00,0,0,0
10/30/2015 1:00,0,0,0
10/30/2015 2:00,0,0,0
10/30/2015 3:00,1,1,0
10/30/2015 4:00,0,0,0
10/30/2015 5:00,0,0,0
10/30/2015 6:00,2,2,0
10/30/2015 7:00,5,5,0
10/30/2015 8:00,3,3,0
10/30/2015 9:00,6,6,0
10/30/2015 10:00,0,0,0
10/30/2015 11:00,1,1,0
10/30/2015 12:00,1,1,0
10/30/2015 13:00,4,4,0
10/30/2015 14:00,1,1,0
10/30/2015 15:00,0,0,0
10/30/2015 16:00,2,2,0
10/30/2015 17:00,0,0,0
10/30/2015 18:00,3,3,0
10/30/2015 19:00,5,5,0
10/30/2015 20:00,2,2,0
10/30/2015 21:00,2,2,0
10/30/2015 22:00,2,2,0
10/30/2015 23:00,0,0,0
10/31/2015 0:00,0,0,0
10/31/2015 1:00,0,0,0
10/31/2015 2:00,0,0,0
10/31/2015 3:00,0,0,0
10/31/2015 4:00,0,0,0
10/31/2015 5:00,0,0,0
10/31/2015 6:00,2,0,2
10/31/2015 7:00,1,1,0
10/31/2015 8:00,1,1,0
10/31/2015 9:00,0,0,0
10/31/2015 10:00,0,0,0
10/31/2015 11:00,0,0,0
10/31/2015 12:00,3,3,0
10/31/2015 13:00,7,5,2
10/31/2015 14:00,4,4,0
10/31/2015 15:00,1,1,0
10/31/2015 16:00,0,0,0
10/31/2015 17:00,4,4,0
10/31/2015 18:00,4,4,0
10/31/2015 19:00,1,0,1
10/31/2015 20:00,2,2,0
10/31/2015 21:00,0,0,0
10/31/2015 22:00,0,0,0
10/31/2015 23:00,2,2,0
11/1/2015 0:00,0,0,0
11/1/2015 1:00,1,1,0
11/1/2015 2:00,0,0,0
11/1/2015 3:00,0,0,0
11/1/2015 4:00,0,0,0
11/1/2015 5:00,1,1,0
11/1/2015 6:00,0,0,0
11/1/2015 7:00,0,0,0
11/1/2015 8:00,2,2,0
11/1/2015 9:00,4,4,0
11/1/2015 10:00,0,0,0
11/1/2015 11:00,2,2,0
11/1/2015 12:00,3,3,0
11/1/2015 13:00,3,3,0
11/1/2015 14:00,3,3,0
11/1/2015 15:00,2,2,0
11/1/2015 16:00,2,2,0
11/1/2015 17:00,3,3,0
11/1/2015 18:00,2,2,0
11/1/2015 19:00,2,2,0
11/1/2015 20:00,0,0,0
11/1/2015 21:00,0,0,0
11/1/2015 22:00,0,0,0
11/1/2015 23:00,0,0,0
11/2/2015 0:00,0,0,0
11/2/2015 1:00,0,0,0
11/2/2015 2:00,0,0,0
11/2/2015 3:00,0,0,0
11/2/2015 4:00,1,1,0
11/2/2015 5:00,1,1,0
11/2/2015 6:00,6,6,0
11/2/2015 7:00,16,13,3
11/2/2015 8:00,10,10,0
11/2/2015 9:00,1,1,0
11/2/2015 10:00,2,2,0
11/2/2015 11:00,3,3,0
11/2/2015 12:00,3,3,0
11/2/2015 13:00,2,2,0
11/2/2015 14:00,0,0,0
11/2/2015 15:00,0,0,0
11/2/2015 16:00,3,3,0
11/2/2015 17:00,3,3,0
11/2/2015 18:00,8,8,0
11/2/2015 19:00,0,0,0
11/2/2015 20:00,3,3,0
11/2/2015 21:00,0,0,0
11/2/2015 22:00,0,0,0
11/2/2015 23:00,1,1,0
11/3/2015 0:00,0,0,0
11/3/2015 1:00,0,0,0
11/3/2015 2:00,0,0,0
11/3/2015 3:00,0,0,0
11/3/2015 4:00,2,2,0
11/3/2015 5:00,2,2,0
11/3/2015 6:00,10,10,0
11/3/2015 7:00,11,11,0
11/3/2015 8:00,9,9,0
11/3/2015 9:00,5,3,2
11/3/2015 10:00,4,4,0
11/3/2015 11:00,3,3,0
11/3/2015 12:00,0,0,0
11/3/2015 13:00,3,1,2
11/3/2015 14:00,4,3,1
11/3/2015 15:00,3,3,0
11/3/2015 16:00,10,4,6
11/3/2015 17:00,6,0,6
11/3/2015 18:00,9,1,8
11/3/2015 19:00,7,5,2
11/3/2015 20:00,2,2,0
11/3/2015 21:00,0,0,0
11/3/2015 22:00,0,0,0
11/3/2015 23:00,0,0,0
11/4/2015 0:00,0,0,0
11/4/2015 1:00,0,0,0
11/4/2015 2:00,0,0,0
11/4/2015 3:00,0,0,0
11/4/2015 4:00,2,2,0
11/4/2015 5:00,0,0,0
11/4/2015 6:00,9,9,0
11/4/2015 7:00,11,11,0
11/4/2015 8:00,8,8,0
11/4/2015 9:00,10,10,0
11/4/2015 10:00,3,3,0
11/4/2015 11:00,3,3,0
11/4/2015 12:00,0,0,0
11/4/2015 13:00,3,3,0
11/4/2015 14:00,6,6,0
11/4/2015 15:00,7,6,1
11/4/2015 16:00,12,11,1
11/4/2015 17:00,4,4,0
11/4/2015 18:00,3,3,0
11/4/2015 19:00,7,6,1
11/4/2015 20:00,3,3,0
11/4/2015 21:00,0,0,0
11/4/2015 22:00,0,0,0
11/4/2015 23:00,0,0,0
11/5/2015 0:00,0,0,0
11/5/2015 1:00,0,0,0
11/5/2015 2:00,0,0,0
11/5/2015 3:00,0,0,0
11/5/2015 4:00,2,2,0
11/5/2015 5:00,1,1,0
11/5/2015 6:00,5,5,0
11/5/2015 7:00,9,9,0
11/5/2015 8:00,11,11,0
11/5/2015 9:00,2,2,0
11/5/2015 10:00,5,5,0
11/5/2015 11:00,5,5,0
11/5/2015 12:00,1,0,1
11/5/2015 13:00,3,3,0
11/5/2015 14:00,2,2,0
11/5/2015 15:00,4,4,0
11/5/2015 16:00,8,8,0
11/5/2015 17:00,4,4,0
11/5/2015 18:00,6,6,0
11/5/2015 19:00,0,0,0
11/5/2015 20:00,3,2,1
11/5/2015 21:00,2,2,0
11/5/2015 22:00,1,1,0
11/5/2015 23:00,0,0,0
11/6/2015 0:00,0,0,0
11/6/2015 1:00,0,0,0
11/6/2015 2:00,0,0,0
11/6/2015 3:00,1,1,0
11/6/2015 4:00,1,1,0
11/6/2015 5:00,1,1,0
11/6/2015 6:00,3,3,0
11/6/2015 7:00,8,8,0
11/6/2015 8:00,14,14,0
11/6/2015 9:00,2,2,0
11/6/2015 10:00,4,4,0
11/6/2015 11:00,2,2,0
11/6/2015 12:00,0,0,0
11/6/2015 13:00,1,1,0
11/6/2015 14:00,2,2,0
11/6/2015 15:00,3,3,0
11/6/2015 16:00,4,4,0
11/6/2015 17:00,2,2,0
11/6/2015 18:00,2,2,0
11/6/2015 19:00,2,2,0
11/6/2015 20:00,0,0,0
11/6/2015 21:00,0,0,0
11/6/2015 22:00,0,0,0
11/6/2015 23:00,1,1,0
11/7/2015 0:00,3,3,0
11/7/2015 1:00,0,0,0
11/7/2015 2:00,0,0,0
11/7/2015 3:00,0,0,0
11/7/2015 4:00,0,0,0
11/7/2015 5:00,3,3,0
11/7/2015 6:00,0,0,0
11/7/2015 7:00,2,2,0
11/7/2015 8:00,17,17,0
11/7/2015 9:00,21,21,0
11/7/2015 10:00,27,27,0
11/7/2015 11:00,33,33,0
11/7/2015 12:00,42,42,0
11/7/2015 13:00,47,47,0
11/7/2015 14:00,46,46,0
11/7/2015 15:00,34,34,0
11/7/2015 16:00,36,36,0
11/7/2015 17:00,18,18,0
11/7/2015 18:00,36,36,0
11/7/2015 19:00,26,26,0
11/7/2015 20:00,23,23,0
11/7/2015 21:00,20,20,0
11/7/2015 22:00,9,9,0
11/7/2015 23:00,6,6,0
11/8/2015 0:00,7,7,0
11/8/2015 1:00,2,2,0
11/8/2015 2:00,0,0,0
11/8/2015 3:00,1,1,0
11/8/2015 4:00,0,0,0
11/8/2015 5:00,2,2,0
11/8/2015 6:00,6,6,0
11/8/2015 7:00,2,2,0
11/8/2015 8:00,22,22,0
11/8/2015 9:00,37,37,0
11/8/2015 10:00,24,24,0
11/8/2015 11:00,43,43,0
11/8/2015 12:00,28,28,0
11/8/2015 13:00,23,23,0
11/8/2015 14:00,32,32,0
11/8/2015 15:00,35,35,0
11/8/2015 16:00,31,31,0
11/8/2015 17:00,37,37,0
11/8/2015 18:00,17,17,0
11/8/2015 19:00,13,13,0
11/8/2015 20:00,18,18,0
11/8/2015 21:00,4,4,0
11/8/2015 22:00,1,1,0
11/8/2015 23:00,4,4,0
11/9/2015 0:00,1,1,0
11/9/2015 1:00,0,0,0
11/9/2015 2:00,1,1,0
11/9/2015 3:00,0,0,0
11/9/2015 4:00,0,0,0
11/9/2015 5:00,3,3,0
11/9/2015 6:00,18,18,0
11/9/2015 7:00,98,98,0
11/9/2015 8:00,42,42,0
11/9/2015 9:00,19,19,0
11/9/2015 10:00,21,21,0
11/9/2015 11:00,26,24,2
11/9/2015 12:00,27,27,0
11/9/2015 13:00,26,26,0
11/9/2015 14:00,28,28,0
11/9/2015 15:00,44,44,0
11/9/2015 16:00,41,41,0
11/9/2015 17:00,40,40,0
11/9/2015 18:00,59,59,0
11/9/2015 19:00,27,27,0
11/9/2015 20:00,11,11,0
11/9/2015 21:00,15,15,0
11/9/2015 22:00,4,4,0
11/9/2015 23:00,0,0,0
11/10/2015 0:00,0,0,0
11/10/2015 1:00,0,0,0
11/10/2015 2:00,2,2,0
11/10/2015 3:00,1,1,0
11/10/2015 4:00,3,3,0
11/10/2015 5:00,3,3,0
11/10/2015 6:00,11,11,0
11/10/2015 7:00,94,94,0
11/10/2015 8:00,35,35,0
11/10/2015 9:00,23,21,2
11/10/2015 10:00,12,12,0
11/10/2015 11:00,15,15,0
11/10/2015 12:00,9,9,0
11/10/2015 13:00,17,17,0
11/10/2015 14:00,15,15,0
11/10/2015 15:00,15,15,0
11/10/2015 16:00,22,20,2
11/10/2015 17:00,22,22,0
11/10/2015 18:00,5,5,0
11/10/2015 19:00,3,1,2
11/10/2015 20:00,0,0,0
11/10/2015 21:00,1,1,0
11/10/2015 22:00,0,0,0
11/10/2015 23:00,1,1,0
11/11/2015 0:00,1,1,0
11/11/2015 1:00,0,0,0
11/11/2015 2:00,0,0,0
11/11/2015 3:00,0,0,0
11/11/2015 4:00,0,0,0
11/11/2015 5:00,0,0,0
11/11/2015 6:00,4,4,0
11/11/2015 7:00,9,9,0
11/11/2015 8:00,20,20,0
11/11/2015 9:00,11,11,0
11/11/2015 10:00,5,5,0
11/11/2015 11:00,3,3,0
11/11/2015 12:00,9,9,0
11/11/2015 13:00,4,4,0
11/11/2015 14:00,5,5,0
11/11/2015 15:00,3,3,0
11/11/2015 16:00,13,13,0
11/11/2015 17:00,9,9,0
11/11/2015 18:00,8,8,0
11/11/2015 19:00,4,4,0
11/11/2015 20:00,0,0,0
11/11/2015 21:00,2,2,0
11/11/2015 22:00,0,0,0
11/11/2015 23:00,0,0,0
11/12/2015 0:00,0,0,0
11/12/2015 1:00,0,0,0
11/12/2015 2:00,0,0,0
11/12/2015 3:00,0,0,0
11/12/2015 4:00,0,0,0
11/12/2015 5:00,0,0,0
11/12/2015 6:00,4,4,0
11/12/2015 7:00,14,14,0
11/12/2015 8:00,7,7,0
11/12/2015 9:00,11,11,0
11/12/2015 10:00,2,2,0
11/12/2015 11:00,5,5,0
11/12/2015 12:00,9,9,0
11/12/2015 13:00,1,1,0
11/12/2015 14:00,4,4,0
11/12/2015 15:00,0,0,0
11/12/2015 16:00,5,5,0
11/12/2015 17:00,2,2,0
11/12/2015 18:00,2,2,0
11/12/2015 19:00,0,0,0
11/12/2015 20:00,3,3,0
11/12/2015 21:00,0,0,0
11/12/2015 22:00,0,0,0
11/12/2015 23:00,0,0,0
11/13/2015 0:00,0,0,0
11/13/2015 1:00,0,0,0
11/13/2015 2:00,0,0,0
11/13/2015 3:00,0,0,0
11/13/2015 4:00,0,0,0
11/13/2015 5:00,3,1,2
11/13/2015 6:00,1,1,0
11/13/2015 7:00,7,7,0
11/13/2015 8:00,4,4,0
11/13/2015 9:00,0,0,0
11/13/2015 10:00,1,1,0
11/13/2015 11:00,0,0,0
11/13/2015 12:00,3,3,0
11/13/2015 13:00,5,5,0
11/13/2015 14:00,8,8,0
11/13/2015 15:00,3,3,0
11/13/2015 16:00,2,2,0
11/13/2015 17:00,4,4,0
11/13/2015 18:00,4,4,0
11/13/2015 19:00,0,0,0
11/13/2015 20:00,0,0,0
11/13/2015 21:00,0,0,0
11/13/2015 22:00,0,0,0
11/13/2015 23:00,0,0,0
11/14/2015 0:00,0,0,0
11/14/2015 1:00,0,0,0
11/14/2015 2:00,0,0,0
11/14/2015 3:00,0,0,0
11/14/2015 4:00,0,0,0
11/14/2015 5:00,2,2,0
11/14/2015 6:00,0,0,0
11/14/2015 7:00,1,1,0
11/14/2015 8:00,0,0,0
11/14/2015 9:00,3,3,0
11/14/2015 10:00,2,2,0
11/14/2015 11:00,4,4,0
11/14/2015 12:00,2,2,0
11/14/2015 13:00,0,0,0
11/14/2015 14:00,2,2,0
11/14/2015 15:00,2,2,0
11/14/2015 16:00,0,0,0
11/14/2015 17:00,0,0,0
11/14/2015 18:00,0,0,0
11/14/2015 19:00,1,1,0
11/14/2015 20:00,0,0,0
11/14/2015 21:00,0,0,0
11/14/2015 22:00,0,0,0
11/14/2015 23:00,0,0,0
11/15/2015 0:00,0,0,0
11/15/2015 1:00,0,0,0
11/15/2015 2:00,0,0,0
11/15/2015 3:00,0,0,0
11/15/2015 4:00,0,0,0
11/15/2015 5:00,0,0,0
11/15/2015 6:00,0,0,0
11/15/2015 7:00,0,0,0
11/15/2015 8:00,0,0,0
11/15/2015 9:00,0,0,0
11/15/2015 10:00,0,0,0
11/15/2015 11:00,2,2,0
11/15/2015 12:00,0,0,0
11/15/2015 13:00,0,0,0
11/15/2015 14:00,4,4,0
11/15/2015 15:00,2,2,0
11/15/2015 16:00,6,6,0
11/15/2015 17:00,2,2,0
11/15/2015 18:00,4,4,0
11/15/2015 19:00,0,0,0
11/15/2015 20:00,0,0,0
11/15/2015 21:00,3,3,0
11/15/2015 22:00,0,0,0
11/15/2015 23:00,0,0,0
11/16/2015 0:00,0,0,0
11/16/2015 1:00,1,1,0
11/16/2015 2:00,0,0,0
11/16/2015 3:00,0,0,0
11/16/2015 4:00,0,0,0
11/16/2015 5:00,0,0,0
11/16/2015 6:00,3,3,0
11/16/2015 7:00,1,0,1
11/16/2015 8:00,4,2,2
11/16/2015 9:00,4,4,0
11/16/2015 10:00,2,0,2
11/16/2015 11:00,0,0,0
11/16/2015 12:00,0,0,0
11/16/2015 13:00,2,2,0
11/16/2015 14:00,2,2,0
11/16/2015 15:00,0,0,0
11/16/2015 16:00,1,1,0
11/16/2015 17:00,4,0,4
11/16/2015 18:00,0,0,0
11/16/2015 19:00,0,0,0
11/16/2015 20:00,0,0,0
11/16/2015 21:00,0,0,0
11/16/2015 22:00,0,0,0
11/16/2015 23:00,0,0,0
11/17/2015 0:00,0,0,0
11/17/2015 1:00,0,0,0
11/17/2015 2:00,0,0,0
11/17/2015 3:00,0,0,0
11/17/2015 4:00,0,0,0
11/17/2015 5:00,0,0,0
11/17/2015 6:00,0,0,0
11/17/2015 7:00,0,0,0
11/17/2015 8:00,0,0,0
11/17/2015 9:00,0,0,0
11/17/2015 10:00,0,0,0
11/17/2015 11:00,0,0,0
11/17/2015 12:00,0,0,0
11/17/2015 13:00,0,0,0
11/17/2015 14:00,0,0,0
11/17/2015 15:00,0,0,0
11/17/2015 16:00,0,0,0
11/17/2015 17:00,0,0,0
11/17/2015 18:00,0,0,0
11/17/2015 19:00,0,0,0
11/17/2015 20:00,0,0,0
11/17/2015 21:00,0,0,0
11/17/2015 22:00,0,0,0
11/17/2015 23:00,0,0,0
11/18/2015 0:00,0,0,0
11/18/2015 1:00,0,0,0
11/18/2015 2:00,0,0,0
11/18/2015 3:00,0,0,0
11/18/2015 4:00,0,0,0
11/18/2015 5:00,0,0,0
11/18/2015 6:00,0,0,0
11/18/2015 7:00,0,0,0
11/18/2015 8:00,0,0,0
11/18/2015 9:00,0,0,0
11/18/2015 10:00,0,0,0
11/18/2015 11:00,0,0,0
11/18/2015 12:00,0,0,0
11/18/2015 13:00,0,0,0
11/18/2015 14:00,0,0,0
11/18/2015 15:00,0,0,0
11/18/2015 16:00,0,0,0
11/18/2015 17:00,0,0,0
11/18/2015 18:00,0,0,0
11/18/2015 19:00,0,0,0
11/18/2015 20:00,0,0,0
11/18/2015 21:00,0,0,0
11/18/2015 22:00,0,0,0
11/18/2015 23:00,0,0,0
11/19/2015 0:00,0,0,0
11/19/2015 1:00,0,0,0
11/19/2015 2:00,0,0,0
11/19/2015 3:00,0,0,0
11/19/2015 4:00,0,0,0
11/19/2015 5:00,0,0,0
11/19/2015 6:00,0,0,0
11/19/2015 7:00,0,0,0
11/19/2015 8:00,0,0,0
11/19/2015 9:00,0,0,0
11/19/2015 10:00,0,0,0
11/19/2015 11:00,0,0,0
11/19/2015 12:00,0,0,0
11/19/2015 13:00,0,0,0
11/19/2015 14:00,0,0,0
11/19/2015 15:00,0,0,0
11/19/2015 16:00,0,0,0
11/19/2015 17:00,0,0,0
11/19/2015 18:00,0,0,0
11/19/2015 19:00,0,0,0
11/19/2015 20:00,0,0,0
11/19/2015 21:00,0,0,0
11/19/2015 22:00,0,0,0
11/19/2015 23:00,0,0,0
11/20/2015 0:00,0,0,0
11/20/2015 1:00,0,0,0
11/20/2015 2:00,0,0,0
11/20/2015 3:00,0,0,0
11/20/2015 4:00,0,0,0
11/20/2015 5:00,0,0,0
11/20/2015 6:00,0,0,0
11/20/2015 7:00,0,0,0
11/20/2015 8:00,0,0,0
11/20/2015 9:00,0,0,0
11/20/2015 10:00,0,0,0
11/20/2015 11:00,0,0,0
11/20/2015 12:00,0,0,0
11/20/2015 13:00,0,0,0
11/20/2015 14:00,0,0,0
11/20/2015 15:00,0,0,0
11/20/2015 16:00,0,0,0
11/20/2015 17:00,0,0,0
11/20/2015 18:00,0,0,0
11/20/2015 19:00,0,0,0
11/20/2015 20:00,0,0,0
11/20/2015 21:00,0,0,0
11/20/2015 22:00,0,0,0
11/20/2015 23:00,0,0,0
11/21/2015 0:00,0,0,0
11/21/2015 1:00,0,0,0
11/21/2015 2:00,0,0,0
11/21/2015 3:00,0,0,0
11/21/2015 4:00,0,0,0
11/21/2015 5:00,0,0,0
11/21/2015 6:00,0,0,0
11/21/2015 7:00,0,0,0
11/21/2015 8:00,0,0,0
11/21/2015 9:00,0,0,0
11/21/2015 10:00,0,0,0
11/21/2015 11:00,0,0,0
11/21/2015 12:00,0,0,0
11/21/2015 13:00,0,0,0
11/21/2015 14:00,0,0,0
11/21/2015 15:00,0,0,0
11/21/2015 16:00,0,0,0
11/21/2015 17:00,0,0,0
11/21/2015 18:00,0,0,0
11/21/2015 19:00,0,0,0
11/21/2015 20:00,0,0,0
11/21/2015 21:00,0,0,0
11/21/2015 22:00,0,0,0
11/21/2015 23:00,0,0,0
11/22/2015 0:00,0,0,0
11/22/2015 1:00,0,0,0
11/22/2015 2:00,0,0,0
11/22/2015 3:00,0,0,0
11/22/2015 4:00,0,0,0
11/22/2015 5:00,0,0,0
11/22/2015 6:00,0,0,0
11/22/2015 7:00,0,0,0
11/22/2015 8:00,0,0,0
11/22/2015 9:00,0,0,0
11/22/2015 10:00,0,0,0
11/22/2015 11:00,0,0,0
11/22/2015 12:00,0,0,0
11/22/2015 13:00,0,0,0
11/22/2015 14:00,0,0,0
11/22/2015 15:00,0,0,0
11/22/2015 16:00,0,0,0
11/22/2015 17:00,0,0,0
11/22/2015 18:00,0,0,0
11/22/2015 19:00,0,0,0
11/22/2015 20:00,0,0,0
11/22/2015 21:00,0,0,0
11/22/2015 22:00,0,0,0
11/22/2015 23:00,0,0,0
11/23/2015 0:00,0,0,0
11/23/2015 1:00,0,0,0
11/23/2015 2:00,0,0,0
11/23/2015 3:00,0,0,0
11/23/2015 4:00,0,0,0
11/23/2015 5:00,0,0,0
11/23/2015 6:00,0,0,0
11/23/2015 7:00,0,0,0
11/23/2015 8:00,0,0,0
11/23/2015 9:00,0,0,0
11/23/2015 10:00,0,0,0
11/23/2015 11:00,0,0,0
11/23/2015 12:00,0,0,0
11/23/2015 13:00,0,0,0
11/23/2015 14:00,0,0,0
11/23/2015 15:00,0,0,0
11/23/2015 16:00,0,0,0
11/23/2015 17:00,0,0,0
11/23/2015 18:00,0,0,0
11/23/2015 19:00,0,0,0
11/23/2015 20:00,0,0,0
11/23/2015 21:00,0,0,0
11/23/2015 22:00,0,0,0
11/23/2015 23:00,0,0,0
11/24/2015 0:00,0,0,0
11/24/2015 1:00,0,0,0
11/24/2015 2:00,0,0,0
11/24/2015 3:00,0,0,0
11/24/2015 4:00,0,0,0
11/24/2015 5:00,0,0,0
11/24/2015 6:00,0,0,0
11/24/2015 7:00,0,0,0
11/24/2015 8:00,0,0,0
11/24/2015 9:00,0,0,0
11/24/2015 10:00,0,0,0
11/24/2015 11:00,0,0,0
11/24/2015 12:00,0,0,0
11/24/2015 13:00,0,0,0
11/24/2015 14:00,0,0,0
11/24/2015 15:00,0,0,0
11/24/2015 16:00,0,0,0
11/24/2015 17:00,0,0,0
11/24/2015 18:00,0,0,0
11/24/2015 19:00,0,0,0
11/24/2015 20:00,0,0,0
11/24/2015 21:00,0,0,0
11/24/2015 22:00,0,0,0
11/24/2015 23:00,0,0,0
11/25/2015 0:00,0,0,0
11/25/2015 1:00,0,0,0
11/25/2015 2:00,0,0,0
11/25/2015 3:00,0,0,0
11/25/2015 4:00,0,0,0
11/25/2015 5:00,0,0,0
11/25/2015 6:00,0,0,0
11/25/2015 7:00,0,0,0
11/25/2015 8:00,0,0,0
11/25/2015 9:00,0,0,0
11/25/2015 10:00,0,0,0
11/25/2015 11:00,0,0,0
11/25/2015 12:00,0,0,0
11/25/2015 13:00,0,0,0
11/25/2015 14:00,0,0,0
11/25/2015 15:00,0,0,0
11/25/2015 16:00,0,0,0
11/25/2015 17:00,0,0,0
11/25/2015 18:00,0,0,0
11/25/2015 19:00,0,0,0
11/25/2015 20:00,0,0,0
11/25/2015 21:00,0,0,0
11/25/2015 22:00,0,0,0
11/25/2015 23:00,0,0,0
11/26/2015 0:00,0,0,0
11/26/2015 1:00,0,0,0
11/26/2015 2:00,0,0,0
11/26/2015 3:00,0,0,0
11/26/2015 4:00,0,0,0
11/26/2015 5:00,0,0,0
11/26/2015 6:00,0,0,0
11/26/2015 7:00,0,0,0
11/26/2015 8:00,0,0,0
11/26/2015 9:00,0,0,0
11/26/2015 10:00,0,0,0
11/26/2015 11:00,0,0,0
11/26/2015 12:00,0,0,0
11/26/2015 13:00,0,0,0
11/26/2015 14:00,0,0,0
11/26/2015 15:00,0,0,0
11/26/2015 16:00,0,0,0
11/26/2015 17:00,0,0,0
11/26/2015 18:00,0,0,0
11/26/2015 19:00,0,0,0
11/26/2015 20:00,0,0,0
11/26/2015 21:00,0,0,0
11/26/2015 22:00,0,0,0
11/26/2015 23:00,0,0,0
11/27/2015 0:00,0,0,0
11/27/2015 1:00,0,0,0
11/27/2015 2:00,0,0,0
11/27/2015 3:00,0,0,0
11/27/2015 4:00,0,0,0
11/27/2015 5:00,0,0,0
11/27/2015 6:00,0,0,0
11/27/2015 7:00,0,0,0
11/27/2015 8:00,0,0,0
11/27/2015 9:00,0,0,0
11/27/2015 10:00,0,0,0
11/27/2015 11:00,0,0,0
11/27/2015 12:00,0,0,0
11/27/2015 13:00,0,0,0
11/27/2015 14:00,0,0,0
11/27/2015 15:00,0,0,0
11/27/2015 16:00,0,0,0
11/27/2015 17:00,0,0,0
11/27/2015 18:00,0,0,0
11/27/2015 19:00,0,0,0
11/27/2015 20:00,0,0,0
11/27/2015 21:00,0,0,0
11/27/2015 22:00,0,0,0
11/27/2015 23:00,0,0,0
11/28/2015 0:00,0,0,0
11/28/2015 1:00,0,0,0
11/28/2015 2:00,0,0,0
11/28/2015 3:00,0,0,0
11/28/2015 4:00,0,0,0
11/28/2015 5:00,0,0,0
11/28/2015 6:00,0,0,0
11/28/2015 7:00,0,0,0
11/28/2015 8:00,0,0,0
11/28/2015 9:00,0,0,0
11/28/2015 10:00,0,0,0
11/28/2015 11:00,0,0,0
11/28/2015 12:00,0,0,0
11/28/2015 13:00,0,0,0
11/28/2015 14:00,0,0,0
11/28/2015 15:00,0,0,0
11/28/2015 16:00,0,0,0
11/28/2015 17:00,0,0,0
11/28/2015 18:00,0,0,0
11/28/2015 19:00,0,0,0
11/28/2015 20:00,0,0,0
11/28/2015 21:00,0,0,0
11/28/2015 22:00,0,0,0
11/28/2015 23:00,0,0,0
11/29/2015 0:00,0,0,0
11/29/2015 1:00,0,0,0
11/29/2015 2:00,0,0,0
11/29/2015 3:00,0,0,0
11/29/2015 4:00,0,0,0
11/29/2015 5:00,0,0,0
11/29/2015 6:00,0,0,0
11/29/2015 7:00,0,0,0
11/29/2015 8:00,0,0,0
11/29/2015 9:00,0,0,0
11/29/2015 10:00,0,0,0
11/29/2015 11:00,0,0,0
11/29/2015 12:00,0,0,0
11/29/2015 13:00,0,0,0
11/29/2015 14:00,0,0,0
11/29/2015 15:00,0,0,0
11/29/2015 16:00,0,0,0
11/29/2015 17:00,0,0,0
11/29/2015 18:00,0,0,0
11/29/2015 19:00,0,0,0
11/29/2015 20:00,0,0,0
11/29/2015 21:00,0,0,0
11/29/2015 22:00,0,0,0
11/29/2015 23:00,0,0,0
11/30/2015 0:00,0,0,0
11/30/2015 1:00,0,0,0
11/30/2015 2:00,0,0,0
11/30/2015 3:00,0,0,0
11/30/2015 4:00,0,0,0
11/30/2015 5:00,0,0,0
11/30/2015 6:00,0,0,0
11/30/2015 7:00,0,0,0
11/30/2015 8:00,0,0,0
11/30/2015 9:00,0,0,0
11/30/2015 10:00,0,0,0
11/30/2015 11:00,0,0,0
11/30/2015 12:00,0,0,0
11/30/2015 13:00,0,0,0
11/30/2015 14:00,0,0,0
11/30/2015 15:00,0,0,0
11/30/2015 16:00,0,0,0
11/30/2015 17:00,0,0,0
11/30/2015 18:00,0,0,0
11/30/2015 19:00,0,0,0
11/30/2015 20:00,0,0,0
11/30/2015 21:00,0,0,0
11/30/2015 22:00,0,0,0
11/30/2015 23:00,0,0,0
12/1/2015 0:00,0,0,0
12/1/2015 1:00,0,0,0
12/1/2015 2:00,0,0,0
12/1/2015 3:00,0,0,0
12/1/2015 4:00,0,0,0
12/1/2015 5:00,0,0,0
12/1/2015 6:00,0,0,0
12/1/2015 7:00,0,0,0
12/1/2015 8:00,0,0,0
12/1/2015 9:00,0,0,0
12/1/2015 10:00,0,0,0
12/1/2015 11:00,0,0,0
12/1/2015 12:00,0,0,0
12/1/2015 13:00,0,0,0
12/1/2015 14:00,0,0,0
12/1/2015 15:00,0,0,0
12/1/2015 16:00,0,0,0
12/1/2015 17:00,0,0,0
12/1/2015 18:00,0,0,0
12/1/2015 19:00,0,0,0
12/1/2015 20:00,0,0,0
12/1/2015 21:00,0,0,0
12/1/2015 22:00,0,0,0
12/1/2015 23:00,0,0,0
12/2/2015 0:00,0,0,0
12/2/2015 1:00,0,0,0
12/2/2015 2:00,0,0,0
12/2/2015 3:00,0,0,0
12/2/2015 4:00,0,0,0
12/2/2015 5:00,0,0,0
12/2/2015 6:00,0,0,0
12/2/2015 7:00,0,0,0
12/2/2015 8:00,0,0,0
12/2/2015 9:00,0,0,0
12/2/2015 10:00,0,0,0
12/2/2015 11:00,2,2,0
12/2/2015 12:00,0,0,0
12/2/2015 13:00,0,0,0
12/2/2015 14:00,0,0,0
12/2/2015 15:00,3,3,0
12/2/2015 16:00,2,2,0
12/2/2015 17:00,1,1,0
12/2/2015 18:00,6,6,0
12/2/2015 19:00,1,1,0
12/2/2015 20:00,1,1,0
12/2/2015 21:00,0,0,0
12/2/2015 22:00,0,0,0
12/2/2015 23:00,0,0,0
12/3/2015 0:00,0,0,0
12/3/2015 1:00,0,0,0
12/3/2015 2:00,0,0,0
12/3/2015 3:00,0,0,0
12/3/2015 4:00,0,0,0
12/3/2015 5:00,1,1,0
12/3/2015 6:00,4,4,0
12/3/2015 7:00,6,6,0
12/3/2015 8:00,6,6,0
12/3/2015 9:00,2,2,0
12/3/2015 10:00,1,1,0
12/3/2015 11:00,0,0,0
12/3/2015 12:00,2,1,1
12/3/2015 13:00,0,0,0
12/3/2015 14:00,1,1,0
12/3/2015 15:00,0,0,0
12/3/2015 16:00,1,1,0
12/3/2015 17:00,3,0,3
12/3/2015 18:00,3,0,3
12/3/2015 19:00,0,0,0
12/3/2015 20:00,0,0,0
12/3/2015 21:00,2,1,1
12/3/2015 22:00,0,0,0
12/3/2015 23:00,0,0,0
12/4/2015 0:00,1,1,0
12/4/2015 1:00,0,0,0
12/4/2015 2:00,0,0,0
12/4/2015 3:00,0,0,0
12/4/2015 4:00,0,0,0
12/4/2015 5:00,0,0,0
12/4/2015 6:00,1,1,0
12/4/2015 7:00,8,8,0
12/4/2015 8:00,10,10,0
12/4/2015 9:00,4,4,0
12/4/2015 10:00,3,3,0
12/4/2015 11:00,2,2,0
12/4/2015 12:00,2,0,2
12/4/2015 13:00,3,0,3
12/4/2015 14:00,9,0,9
12/4/2015 15:00,5,2,3
12/4/2015 16:00,12,1,11
12/4/2015 17:00,9,1,8
12/4/2015 18:00,4,1,3
12/4/2015 19:00,2,0,2
12/4/2015 20:00,0,0,0
12/4/2015 21:00,4,2,2
12/4/2015 22:00,0,0,0
12/4/2015 23:00,0,0,0
12/5/2015 0:00,0,0,0
12/5/2015 1:00,0,0,0
12/5/2015 2:00,0,0,0
12/5/2015 3:00,0,0,0
12/5/2015 4:00,1,1,0
12/5/2015 5:00,1,1,0
12/5/2015 6:00,0,0,0
12/5/2015 7:00,0,0,0
12/5/2015 8:00,1,1,0
12/5/2015 9:00,0,0,0
12/5/2015 10:00,3,3,0
12/5/2015 11:00,0,0,0
12/5/2015 12:00,1,0,1
12/5/2015 13:00,3,3,0
12/5/2015 14:00,0,0,0
12/5/2015 15:00,0,0,0
12/5/2015 16:00,3,1,2
12/5/2015 17:00,0,0,0
12/5/2015 18:00,3,1,2
12/5/2015 19:00,1,1,0
12/5/2015 20:00,0,0,0
12/5/2015 21:00,0,0,0
12/5/2015 22:00,2,1,1
12/5/2015 23:00,1,1,0
12/6/2015 0:00,0,0,0
12/6/2015 1:00,0,0,0
12/6/2015 2:00,0,0,0
12/6/2015 3:00,0,0,0
12/6/2015 4:00,0,0,0
12/6/2015 5:00,0,0,0
12/6/2015 6:00,0,0,0
12/6/2015 7:00,0,0,0
12/6/2015 8:00,0,0,0
12/6/2015 9:00,0,0,0
12/6/2015 10:00,4,3,1
12/6/2015 11:00,1,1,0
12/6/2015 12:00,2,2,0
12/6/2015 13:00,2,2,0
12/6/2015 14:00,2,2,0
12/6/2015 15:00,1,1,0
12/6/2015 16:00,0,0,0
12/6/2015 17:00,1,1,0
12/6/2015 18:00,0,0,0
12/6/2015 19:00,0,0,0
12/6/2015 20:00,2,1,1
12/6/2015 21:00,0,0,0
12/6/2015 22:00,0,0,0
12/6/2015 23:00,1,0,1
12/7/2015 0:00,0,0,0
12/7/2015 1:00,1,0,1
12/7/2015 2:00,0,0,0
12/7/2015 3:00,0,0,0
12/7/2015 4:00,0,0,0
12/7/2015 5:00,0,0,0
12/7/2015 6:00,4,4,0
12/7/2015 7:00,4,4,0
12/7/2015 8:00,8,6,2
12/7/2015 9:00,9,1,8
12/7/2015 10:00,6,1,5
12/7/2015 11:00,3,1,2
12/7/2015 12:00,5,0,5
12/7/2015 13:00,3,0,3
12/7/2015 14:00,3,0,3
12/7/2015 15:00,12,2,10
12/7/2015 16:00,16,2,14
12/7/2015 17:00,1,1,0
12/7/2015 18:00,2,1,1
12/7/2015 19:00,1,1,0
12/7/2015 20:00,0,0,0
12/7/2015 21:00,1,0,1
12/7/2015 22:00,0,0,0
12/7/2015 23:00,0,0,0
12/8/2015 0:00,0,0,0
12/8/2015 1:00,0,0,0
12/8/2015 2:00,0,0,0
12/8/2015 3:00,1,1,0
12/8/2015 4:00,0,0,0
12/8/2015 5:00,1,1,0
12/8/2015 6:00,3,3,0
12/8/2015 7:00,16,11,5
12/8/2015 8:00,7,5,2
12/8/2015 9:00,4,3,1
12/8/2015 10:00,0,0,0
12/8/2015 11:00,1,1,0
12/8/2015 12:00,0,0,0
12/8/2015 13:00,0,0,0
12/8/2015 14:00,0,0,0
12/8/2015 15:00,1,1,0
12/8/2015 16:00,4,4,0
12/8/2015 17:00,1,1,0
12/8/2015 18:00,1,0,1
12/8/2015 19:00,1,1,0
12/8/2015 20:00,0,0,0
12/8/2015 21:00,0,0,0
12/8/2015 22:00,0,0,0
12/8/2015 23:00,0,0,0
12/9/2015 0:00,0,0,0
12/9/2015 1:00,0,0,0
12/9/2015 2:00,0,0,0
12/9/2015 3:00,1,1,0
12/9/2015 4:00,0,0,0
12/9/2015 5:00,1,1,0
12/9/2015 6:00,4,4,0
12/9/2015 7:00,5,5,0
12/9/2015 8:00,5,5,0
12/9/2015 9:00,3,3,0
12/9/2015 10:00,3,1,2
12/9/2015 11:00,2,2,0
12/9/2015 12:00,1,1,0
12/9/2015 13:00,2,1,1
12/9/2015 14:00,2,1,1
12/9/2015 15:00,2,1,1
12/9/2015 16:00,3,3,0
12/9/2015 17:00,0,0,0
12/9/2015 18:00,3,1,2
12/9/2015 19:00,2,2,0
12/9/2015 20:00,1,1,0
12/9/2015 21:00,1,0,1
12/9/2015 22:00,0,0,0
12/9/2015 23:00,0,0,0
12/10/2015 0:00,1,1,0
12/10/2015 1:00,0,0,0
12/10/2015 2:00,0,0,0
12/10/2015 3:00,1,1,0
12/10/2015 4:00,0,0,0
12/10/2015 5:00,0,0,0
12/10/2015 6:00,6,6,0
12/10/2015 7:00,6,6,0
12/10/2015 8:00,6,6,0
12/10/2015 9:00,0,0,0
12/10/2015 10:00,0,0,0
12/10/2015 11:00,1,1,0
12/10/2015 12:00,3,3,0
12/10/2015 13:00,1,0,1
12/10/2015 14:00,0,0,0
12/10/2015 15:00,1,0,1
12/10/2015 16:00,0,0,0
12/10/2015 17:00,1,0,1
12/10/2015 18:00,1,0,1
12/10/2015 19:00,0,0,0
12/10/2015 20:00,0,0,0
12/10/2015 21:00,0,0,0
12/10/2015 22:00,0,0,0
12/10/2015 23:00,1,1,0
12/11/2015 0:00,1,1,0
12/11/2015 1:00,0,0,0
12/11/2015 2:00,0,0,0
12/11/2015 3:00,0,0,0
12/11/2015 4:00,0,0,0
12/11/2015 5:00,1,1,0
12/11/2015 6:00,3,3,0
12/11/2015 7:00,8,8,0
12/11/2015 8:00,4,4,0
12/11/2015 9:00,3,3,0
12/11/2015 10:00,1,1,0
12/11/2015 11:00,4,2,2
12/11/2015 12:00,0,0,0
12/11/2015 13:00,3,2,1
12/11/2015 14:00,2,2,0
12/11/2015 15:00,1,0,1
12/11/2015 16:00,3,1,2
12/11/2015 17:00,0,0,0
12/11/2015 18:00,1,1,0
12/11/2015 19:00,0,0,0
12/11/2015 20:00,0,0,0
12/11/2015 21:00,2,2,0
12/11/2015 22:00,0,0,0
12/11/2015 23:00,0,0,0
12/12/2015 0:00,0,0,0
12/12/2015 1:00,0,0,0
12/12/2015 2:00,1,1,0
12/12/2015 3:00,0,0,0
12/12/2015 4:00,0,0,0
12/12/2015 5:00,2,2,0
12/12/2015 6:00,0,0,0
12/12/2015 7:00,0,0,0
12/12/2015 8:00,0,0,0
12/12/2015 9:00,0,0,0
12/12/2015 10:00,4,0,4
12/12/2015 11:00,3,1,2
12/12/2015 12:00,3,0,3
12/12/2015 13:00,4,2,2
12/12/2015 14:00,9,1,8
12/12/2015 15:00,10,0,10
12/12/2015 16:00,5,0,5
12/12/2015 17:00,7,0,7
12/12/2015 18:00,6,0,6
12/12/2015 19:00,0,0,0
12/12/2015 20:00,0,0,0
12/12/2015 21:00,0,0,0
12/12/2015 22:00,1,0,1
12/12/2015 23:00,1,0,1
12/13/2015 0:00,0,0,0
12/13/2015 1:00,0,0,0
12/13/2015 2:00,0,0,0
12/13/2015 3:00,1,0,1
12/13/2015 4:00,0,0,0
12/13/2015 5:00,0,0,0
12/13/2015 6:00,1,1,0
12/13/2015 7:00,0,0,0
12/13/2015 8:00,0,0,0
12/13/2015 9:00,0,0,0
12/13/2015 10:00,0,0,0
12/13/2015 11:00,1,1,0
12/13/2015 12:00,2,2,0
12/13/2015 13:00,3,3,0
12/13/2015 14:00,6,4,2
12/13/2015 15:00,1,0,1
12/13/2015 16:00,0,0,0
12/13/2015 17:00,3,3,0
12/13/2015 18:00,0,0,0
12/13/2015 19:00,0,0,0
12/13/2015 20:00,0,0,0
12/13/2015 21:00,0,0,0
12/13/2015 22:00,0,0,0
12/13/2015 23:00,0,0,0
12/14/2015 0:00,1,1,0
12/14/2015 1:00,0,0,0
12/14/2015 2:00,0,0,0
12/14/2015 3:00,0,0,0
12/14/2015 4:00,0,0,0
12/14/2015 5:00,0,0,0
12/14/2015 6:00,4,4,0
12/14/2015 7:00,12,12,0
12/14/2015 8:00,7,7,0
12/14/2015 9:00,6,6,0
12/14/2015 10:00,2,0,2
12/14/2015 11:00,2,2,0
12/14/2015 12:00,0,0,0
12/14/2015 13:00,1,1,0
12/14/2015 14:00,5,0,5
12/14/2015 15:00,3,2,1
12/14/2015 16:00,7,1,6
12/14/2015 17:00,3,0,3
12/14/2015 18:00,9,1,8
12/14/2015 19:00,4,0,4
12/14/2015 20:00,1,0,1
12/14/2015 21:00,2,0,2
12/14/2015 22:00,2,0,2
12/14/2015 23:00,2,2,0
12/15/2015 0:00,0,0,0
12/15/2015 1:00,0,0,0
12/15/2015 2:00,0,0,0
12/15/2015 3:00,0,0,0
12/15/2015 4:00,1,1,0
12/15/2015 5:00,1,1,0
12/15/2015 6:00,5,5,0
12/15/2015 7:00,7,5,2
12/15/2015 8:00,7,7,0
12/15/2015 9:00,4,4,0
12/15/2015 10:00,3,2,1
12/15/2015 11:00,1,0,1
12/15/2015 12:00,2,2,0
12/15/2015 13:00,2,1,1
12/15/2015 14:00,1,1,0
12/15/2015 15:00,2,1,1
12/15/2015 16:00,3,2,1
12/15/2015 17:00,1,1,0
12/15/2015 18:00,3,0,3
12/15/2015 19:00,4,2,2
12/15/2015 20:00,0,0,0
12/15/2015 21:00,2,1,1
12/15/2015 22:00,0,0,0
12/15/2015 23:00,0,0,0
12/16/2015 0:00,0,0,0
12/16/2015 1:00,0,0,0
12/16/2015 2:00,0,0,0
12/16/2015 3:00,0,0,0
12/16/2015 4:00,1,1,0
12/16/2015 5:00,0,0,0
12/16/2015 6:00,5,5,0
12/16/2015 7:00,10,10,0
12/16/2015 8:00,11,11,0
12/16/2015 9:00,5,4,1
12/16/2015 10:00,0,0,0
12/16/2015 11:00,0,0,0
12/16/2015 12:00,0,0,0
12/16/2015 13:00,2,1,1
12/16/2015 14:00,2,0,2
12/16/2015 15:00,5,1,4
12/16/2015 16:00,4,3,1
12/16/2015 17:00,1,0,1
12/16/2015 18:00,6,1,5
12/16/2015 19:00,0,0,0
12/16/2015 20:00,2,0,2
12/16/2015 21:00,0,0,0
12/16/2015 22:00,0,0,0
12/16/2015 23:00,0,0,0
12/17/2015 0:00,0,0,0
12/17/2015 1:00,1,1,0
12/17/2015 2:00,0,0,0
12/17/2015 3:00,1,1,0
12/17/2015 4:00,1,1,0
12/17/2015 5:00,0,0,0
12/17/2015 6:00,6,6,0
12/17/2015 7:00,5,5,0
12/17/2015 8:00,4,3,1
12/17/2015 9:00,3,3,0
12/17/2015 10:00,1,1,0
12/17/2015 11:00,1,1,0
12/17/2015 12:00,1,0,1
12/17/2015 13:00,0,0,0
12/17/2015 14:00,1,0,1
12/17/2015 15:00,3,2,1
12/17/2015 16:00,0,0,0
12/17/2015 17:00,2,0,2
12/17/2015 18:00,3,0,3
12/17/2015 19:00,0,0,0
12/17/2015 20:00,0,0,0
12/17/2015 21:00,1,0,1
12/17/2015 22:00,0,0,0
12/17/2015 23:00,2,0,2
12/18/2015 0:00,0,0,0
12/18/2015 1:00,0,0,0
12/18/2015 2:00,0,0,0
12/18/2015 3:00,0,0,0
12/18/2015 4:00,0,0,0
12/18/2015 5:00,2,2,0
12/18/2015 6:00,1,1,0
12/18/2015 7:00,4,4,0
12/18/2015 8:00,10,10,0
12/18/2015 9:00,3,3,0
12/18/2015 10:00,0,0,0
12/18/2015 11:00,0,0,0
12/18/2015 12:00,3,0,3
12/18/2015 13:00,0,0,0
12/18/2015 14:00,0,0,0
12/18/2015 15:00,1,0,1
12/18/2015 16:00,4,2,2
12/18/2015 17:00,6,1,5
12/18/2015 18:00,3,0,3
12/18/2015 19:00,0,0,0
12/18/2015 20:00,5,3,2
12/18/2015 21:00,3,0,3
12/18/2015 22:00,0,0,0
12/18/2015 23:00,0,0,0
12/19/2015 0:00,0,0,0
12/19/2015 1:00,0,0,0
12/19/2015 2:00,0,0,0
12/19/2015 3:00,0,0,0
12/19/2015 4:00,0,0,0
12/19/2015 5:00,1,1,0
12/19/2015 6:00,0,0,0
12/19/2015 7:00,1,1,0
12/19/2015 8:00,2,2,0
12/19/2015 9:00,1,1,0
12/19/2015 10:00,0,0,0
12/19/2015 11:00,2,0,2
12/19/2015 12:00,2,1,1
12/19/2015 13:00,3,1,2
12/19/2015 14:00,4,4,0
12/19/2015 15:00,17,5,12
12/19/2015 16:00,0,0,0
12/19/2015 17:00,1,1,0
12/19/2015 18:00,0,0,0
12/19/2015 19:00,2,0,2
12/19/2015 20:00,0,0,0
12/19/2015 21:00,0,0,0
12/19/2015 22:00,2,0,2
12/19/2015 23:00,0,0,0
12/20/2015 0:00,0,0,0
12/20/2015 1:00,0,0,0
12/20/2015 2:00,0,0,0
12/20/2015 3:00,0,0,0
12/20/2015 4:00,0,0,0
12/20/2015 5:00,0,0,0
12/20/2015 6:00,0,0,0
12/20/2015 7:00,1,0,1
12/20/2015 8:00,1,1,0
12/20/2015 9:00,1,1,0
12/20/2015 10:00,1,0,1
12/20/2015 11:00,3,2,1
12/20/2015 12:00,1,1,0
12/20/2015 13:00,2,2,0
12/20/2015 14:00,1,0,1
12/20/2015 15:00,2,0,2
12/20/2015 16:00,2,1,1
12/20/2015 17:00,1,1,0
12/20/2015 18:00,0,0,0
12/20/2015 19:00,0,0,0
12/20/2015 20:00,1,0,1
12/20/2015 21:00,0,0,0
12/20/2015 22:00,0,0,0
12/20/2015 23:00,0,0,0
12/21/2015 0:00,1,1,0
12/21/2015 1:00,0,0,0
12/21/2015 2:00,0,0,0
12/21/2015 3:00,0,0,0
12/21/2015 4:00,0,0,0
12/21/2015 5:00,1,1,0
12/21/2015 6:00,2,2,0
12/21/2015 7:00,5,5,0
12/21/2015 8:00,4,4,0
12/21/2015 9:00,1,1,0
12/21/2015 10:00,4,0,4
12/21/2015 11:00,2,1,1
12/21/2015 12:00,0,0,0
12/21/2015 13:00,1,0,1
12/21/2015 14:00,0,0,0
12/21/2015 15:00,0,0,0
12/21/2015 16:00,3,1,2
12/21/2015 17:00,0,0,0
12/21/2015 18:00,2,0,2
12/21/2015 19:00,1,0,1
12/21/2015 20:00,1,1,0
12/21/2015 21:00,1,0,1
12/21/2015 22:00,0,0,0
12/21/2015 23:00,0,0,0
12/22/2015 0:00,0,0,0
12/22/2015 1:00,0,0,0
12/22/2015 2:00,0,0,0
12/22/2015 3:00,0,0,0
12/22/2015 4:00,1,1,0
12/22/2015 5:00,0,0,0
12/22/2015 6:00,3,3,0
12/22/2015 7:00,5,5,0
12/22/2015 8:00,3,3,0
12/22/2015 9:00,3,3,0
12/22/2015 10:00,3,0,3
12/22/2015 11:00,1,1,0
12/22/2015 12:00,0,0,0
12/22/2015 13:00,3,2,1
12/22/2015 14:00,1,1,0
12/22/2015 15:00,2,0,2
12/22/2015 16:00,4,1,3
12/22/2015 17:00,5,2,3
12/22/2015 18:00,2,0,2
12/22/2015 19:00,2,2,0
12/22/2015 20:00,0,0,0
12/22/2015 21:00,0,0,0
12/22/2015 22:00,0,0,0
12/22/2015 23:00,0,0,0
12/23/2015 0:00,0,0,0
12/23/2015 1:00,0,0,0
12/23/2015 2:00,0,0,0
12/23/2015 3:00,0,0,0
12/23/2015 4:00,1,1,0
12/23/2015 5:00,1,1,0
12/23/2015 6:00,4,4,0
12/23/2015 7:00,4,4,0
12/23/2015 8:00,2,2,0
12/23/2015 9:00,4,2,2
12/23/2015 10:00,1,0,1
12/23/2015 11:00,3,3,0
12/23/2015 12:00,0,0,0
12/23/2015 13:00,1,0,1
12/23/2015 14:00,1,1,0
12/23/2015 15:00,4,0,4
12/23/2015 16:00,2,1,1
12/23/2015 17:00,1,0,1
12/23/2015 18:00,2,0,2
12/23/2015 19:00,1,0,1
12/23/2015 20:00,1,0,1
12/23/2015 21:00,0,0,0
12/23/2015 22:00,0,0,0
12/23/2015 23:00,0,0,0
12/24/2015 0:00,0,0,0
12/24/2015 1:00,1,1,0
12/24/2015 2:00,0,0,0
12/24/2015 3:00,0,0,0
12/24/2015 4:00,1,1,0
12/24/2015 5:00,0,0,0
12/24/2015 6:00,0,0,0
12/24/2015 7:00,0,0,0
12/24/2015 8:00,1,1,0
12/24/2015 9:00,0,0,0
12/24/2015 10:00,1,1,0
12/24/2015 11:00,0,0,0
12/24/2015 12:00,0,0,0
12/24/2015 13:00,4,3,1
12/24/2015 14:00,3,2,1
12/24/2015 15:00,2,0,2
12/24/2015 16:00,4,0,4
12/24/2015 17:00,0,0,0
12/24/2015 18:00,0,0,0
12/24/2015 19:00,0,0,0
12/24/2015 20:00,0,0,0
12/24/2015 21:00,0,0,0
12/24/2015 22:00,0,0,0
12/24/2015 23:00,1,1,0
12/25/2015 0:00,1,1,0
12/25/2015 1:00,0,0,0
12/25/2015 2:00,0,0,0
12/25/2015 3:00,0,0,0
12/25/2015 4:00,0,0,0
12/25/2015 5:00,0,0,0
12/25/2015 6:00,0,0,0
12/25/2015 7:00,2,2,0
12/25/2015 8:00,0,0,0
12/25/2015 9:00,0,0,0
12/25/2015 10:00,0,0,0
12/25/2015 11:00,1,1,0
12/25/2015 12:00,0,0,0
12/25/2015 13:00,2,1,1
12/25/2015 14:00,1,1,0
12/25/2015 15:00,1,1,0
12/25/2015 16:00,2,0,2
12/25/2015 17:00,0,0,0
12/25/2015 18:00,0,0,0
12/25/2015 19:00,0,0,0
12/25/2015 20:00,0,0,0
12/25/2015 21:00,0,0,0
12/25/2015 22:00,2,0,2
12/25/2015 23:00,1,0,1
12/26/2015 0:00,0,0,0
12/26/2015 1:00,0,0,0
12/26/2015 2:00,0,0,0
12/26/2015 3:00,0,0,0
12/26/2015 4:00,0,0,0
12/26/2015 5:00,1,1,0
12/26/2015 6:00,0,0,0
12/26/2015 7:00,0,0,0
12/26/2015 8:00,2,1,1
12/26/2015 9:00,2,2,0
12/26/2015 10:00,0,0,0
12/26/2015 11:00,1,0,1
12/26/2015 12:00,2,1,1
12/26/2015 13:00,0,0,0
12/26/2015 14:00,3,2,1
12/26/2015 15:00,3,1,2
12/26/2015 16:00,0,0,0
12/26/2015 17:00,0,0,0
12/26/2015 18:00,1,1,0
12/26/2015 19:00,0,0,0
12/26/2015 20:00,0,0,0
12/26/2015 21:00,0,0,0
12/26/2015 22:00,0,0,0
12/26/2015 23:00,0,0,0
12/27/2015 0:00,0,0,0
12/27/2015 1:00,0,0,0
12/27/2015 2:00,0,0,0
12/27/2015 3:00,0,0,0
12/27/2015 4:00,0,0,0
12/27/2015 5:00,0,0,0
12/27/2015 6:00,0,0,0
12/27/2015 7:00,0,0,0
12/27/2015 8:00,0,0,0
12/27/2015 9:00,2,2,0
12/27/2015 10:00,1,1,0
12/27/2015 11:00,0,0,0
12/27/2015 12:00,0,0,0
12/27/2015 13:00,0,0,0
12/27/2015 14:00,0,0,0
12/27/2015 15:00,0,0,0
12/27/2015 16:00,1,0,1
12/27/2015 17:00,1,1,0
12/27/2015 18:00,0,0,0
12/27/2015 19:00,0,0,0
12/27/2015 20:00,0,0,0
12/27/2015 21:00,0,0,0
12/27/2015 22:00,0,0,0
12/27/2015 23:00,0,0,0
12/28/2015 0:00,1,1,0
12/28/2015 1:00,0,0,0
12/28/2015 2:00,0,0,0
12/28/2015 3:00,0,0,0
12/28/2015 4:00,1,1,0
12/28/2015 5:00,0,0,0
12/28/2015 6:00,2,2,0
12/28/2015 7:00,5,5,0
12/28/2015 8:00,3,3,0
12/28/2015 9:00,1,1,0
12/28/2015 10:00,0,0,0
12/28/2015 11:00,1,1,0
12/28/2015 12:00,1,0,1
12/28/2015 13:00,1,0,1
12/28/2015 14:00,0,0,0
12/28/2015 15:00,0,0,0
12/28/2015 16:00,2,0,2
12/28/2015 17:00,2,0,2
12/28/2015 18:00,1,0,1
12/28/2015 19:00,0,0,0
12/28/2015 20:00,3,0,3
12/28/2015 21:00,1,0,1
12/28/2015 22:00,0,0,0
12/28/2015 23:00,0,0,0
12/29/2015 0:00,0,0,0
12/29/2015 1:00,0,0,0
12/29/2015 2:00,0,0,0
12/29/2015 3:00,0,0,0
12/29/2015 4:00,1,1,0
12/29/2015 5:00,1,1,0
12/29/2015 6:00,2,2,0
12/29/2015 7:00,7,7,0
12/29/2015 8:00,3,3,0
12/29/2015 9:00,1,1,0
12/29/2015 10:00,1,0,1
12/29/2015 11:00,1,1,0
12/29/2015 12:00,1,0,1
12/29/2015 13:00,0,0,0
12/29/2015 14:00,2,1,1
12/29/2015 15:00,3,2,1
12/29/2015 16:00,4,1,3
12/29/2015 17:00,0,0,0
12/29/2015 18:00,0,0,0
12/29/2015 19:00,0,0,0
12/29/2015 20:00,1,1,0
12/29/2015 21:00,1,0,1
12/29/2015 22:00,0,0,0
12/29/2015 23:00,0,0,0
12/30/2015 0:00,1,0,1
12/30/2015 1:00,0,0,0
12/30/2015 2:00,0,0,0
12/30/2015 3:00,0,0,0
12/30/2015 4:00,0,0,0
12/30/2015 5:00,0,0,0
12/30/2015 6:00,3,3,0
12/30/2015 7:00,3,3,0
12/30/2015 8:00,3,3,0
12/30/2015 9:00,1,0,1
12/30/2015 10:00,2,2,0
12/30/2015 11:00,1,0,1
12/30/2015 12:00,2,2,0
12/30/2015 13:00,0,0,0
12/30/2015 14:00,0,0,0
12/30/2015 15:00,2,1,1
12/30/2015 16:00,4,2,2
12/30/2015 17:00,1,0,1
12/30/2015 18:00,3,3,0
12/30/2015 19:00,6,3,3
12/30/2015 20:00,0,0,0
12/30/2015 21:00,0,0,0
12/30/2015 22:00,0,0,0
12/30/2015 23:00,0,0,0
12/31/2015 0:00,1,1,0
12/31/2015 1:00,0,0,0
12/31/2015 2:00,0,0,0
12/31/2015 3:00,0,0,0
12/31/2015 4:00,0,0,0
12/31/2015 5:00,0,0,0
12/31/2015 6:00,3,3,0
12/31/2015 7:00,1,1,0
12/31/2015 8:00,2,1,1
12/31/2015 9:00,0,0,0
12/31/2015 10:00,0,0,0
12/31/2015 11:00,1,0,1
12/31/2015 12:00,2,0,2
12/31/2015 13:00,0,0,0
12/31/2015 14:00,1,1,0
12/31/2015 15:00,3,2,1
12/31/2015 16:00,2,0,2
12/31/2015 17:00,2,0,2
12/31/2015 18:00,1,1,0
12/31/2015 19:00,0,0,0
12/31/2015 20:00,0,0,0
12/31/2015 21:00,0,0,0
12/31/2015 22:00,0,0,0
12/31/2015 23:00,0,0,0
